00000000001100000000 0.9995944312309342 3.674524344477882e-05 0.0003556610503572995 1.3162475263801369e-05 7293461
00010000001100000000 0.9992285320261617 0.00023895025738356296 0.0004915548151890438 4.096290126575365e-05 146474
10000000001100000000 0.9994116565545137 0.00011766868909726052 0.000441257584114727 2.941717227431513e-05 135975
00100000001100000000 0.999462480395261 7.363282256698745e-05 0.0004491602176586235 1.4726564513397491e-05 135809
00000000101100000000 0.9985504127926071 0.0007587683038697184 0.0006455193032921484 4.529960023102796e-05 88301
00000100001100000000 0.9992933195138038 0.00010600207292942618 0.0005889004051634788 1.1778008103269576e-05 84904
00000001001100000000 0.99934731405545 0.00014188824881523313 0.0005107976957348392 0.0 70478
00000010001100010000 0.97632759411965 0.00013324055842598486 0.02350955630894044 2.9609012983552192e-05 67547
00000010001100000000 0.9757366201171438 8.942277598104237e-05 0.024129245718884598 4.471138799052119e-05 67097
00000000011100000000 0.9790891397430906 0.00038925652004671076 0.020490463215258856 3.1140521603736864e-05 64225
00000000011100100000 0.9758321697609074 0.00010342866008170864 0.024047163468997258 1.7238110013618105e-05 58011
01000000001100000000 0.9783420724970626 0.020921382600003507 0.0006839345527243393 5.261035020956456e-05 57023
01000000001100000000 0.9775475874280655 0.021620185922974766 0.0006905710491367862 0.0001416555998229305 56475
00001000001100000000 0.9850215281325257 0.014157483762679704 0.0006932788440487484 0.0001277092607458221 54812
00000000001100110000 0.9991391513945748 7.651987603780082e-05 0.0007651987603780082 1.9129969009450204e-05 52274
00001000001100000001 0.9820256297321672 0.017387109628977118 0.000482392667631452 0.0001048679712242287 47679
00000000001100000001 0.9990260767938448 0.00041391736261595774 0.0005113096832314772 4.869616030775973e-05 41071
00011000001100000000 0.9866684036824735 0.012376237623762377 0.0008250825082508251 0.00013027618551328816 23028
00000000111100000000 0.9817531305903399 0.0007155635062611807 0.017531305903398926 0.0 19565
00011000001100000001 0.9766558421665339 0.022547638012376692 0.000796519821089394 0.0 16321
10100000001100000000 0.9988225816446675 0.0004337857098593295 0.0006196938712276135 0.0001239387742455227 16137
01100000001100000000 0.9896824944422277 0.009861483212677422 0.0003420167588211822 0.00011400558627372742 17543
00000110001100010000 0.9746002500493518 0.0 0.02526814502862407 0.0001316049220240837 15197
11000000001100000000 0.9876713114284076 0.011468547508458054 0.000860141063134354 0.0 17439
00000000111100100000 0.9707348333808032 0.00014240956992309884 0.029122757049273713 0.0 14044
00000101001100000000 0.9990743597655045 0.000154273372415921 0.0006942301758716445 7.71366862079605e-05 12964
00000110001100000000 0.9769699404164156 6.69478476266988e-05 0.02296311173595769 0.0 14937
00010000001100000001 0.9873926548510872 0.010597478530970218 0.001553078750228394 0.00045678786771423353 10946
00000000101100000000 0.8757763975155279 0.11862335811017208 0.004174727624478159 0.0014255167498218105 9821
00001000001100000000 0.9490583163149535 0.04844565464034491 0.002269117313365101 0.0002269117313365101 8814
00000101001100000101 0.9801703163017031 0.019221411192214113 0.00024330900243309004 0.000364963503649635 8220
01100000001100000000 0.9577861163227017 0.04127579737335835 0.0007035647279549719 0.00023452157598499062 8528
11000000001100000000 0.9565115461258938 0.04184738014300785 0.0010549759699917947 0.0005860977611065526 8531
00010000001100010000 0.8966846569005397 0.003469545104086353 0.0995887946543305 0.00025700334104343357 7782
00000001001100000001 0.9805889489357009 0.018639020624241755 0.0005514503143266791 0.00022058012573067168 9067
00000100001100000100 0.9771796372147454 0.02176711527208894 0.0008191925102399064 0.00023405500292568755 8545
00000100001100000100 0.9681694327470894 0.02848649987614565 0.0021055239038890263 0.0012385434728758979 8074
00000000101100110000 0.987111892208553 0.00046865846514352667 0.012302284710017574 0.00011716461628588167 8535
11100000001100000000 0.9803562074384494 0.01898899947616553 0.0005238344683080147 0.00013095861707700367 7636
00000001001100000001 0.9261227071473751 0.07172675521821632 0.001644528779253637 0.0005060088551549652 7905
00010000001100110000 0.9683552379737145 0.0005103993875207349 0.031134362638764835 0.0 7837
00011000001100000000 0.9684696231735452 0.02832607023840041 0.00269161753396565 0.0005126890540886952 7802
11100000001100000000 0.9771458942333244 0.022056869519000797 0.0006643635397289397 0.00013287270794578793 7526
00000011001100000000 0.974020190023753 0.0 0.02597980997624703 0.0 6736
00000000011100010000 0.9541227526348419 0.001735895846249225 0.04414135151890886 0.0 8065
00000000101100000001 0.9676052487698196 0.0306178239475123 0.0016402405686167304 0.0001366867140513942 7316
00010000001100110001 0.9945091736976028 0.00026784518548279097 0.0018749162983795367 0.003348064818534887 7467
00000000111100010000 0.9752131354594253 0.0017366592990211557 0.022892327123460687 0.00015787811809283233 6334
00000101001100000101 0.9691754029103427 0.029259896729776247 0.0014082303238929744 0.00015647003598810827 6391
01000000001100000001 0.9725496528338446 0.025674148231874697 0.0014532536735023414 0.0003229452607782981 6193
00000000101100110001 0.9943467336683417 0.000785175879396985 0.001413316582914573 0.003454773869346734 6368
00000001001100100001 0.989164860810135 0.0036672778796466078 0.0018336389398233039 0.005334222370395066 5999
00000111001100000000 0.97776 0.00016 0.02208 0.0 6250
00000000101100010000 0.9735319894829098 0.005784399649430325 0.008588957055214725 0.012094653812445224 5705
00000101001110100101 0.9912966252220249 0.00035523978685612787 0.0017761989342806395 0.006571936056838366 5630
00000100001110000100 0.9937169312169312 0.0006613756613756613 0.0011574074074074073 0.004464285714285714 6048
00000011001100010000 0.976929649672458 0.0 0.02278553118769581 0.0002848191398461977 7022
00000010001100110000 0.9763345195729537 0.00035587188612099647 0.023309608540925265 0.0 5620
00100000001100100000 0.9735714285714285 0.0 0.026071428571428572 0.00035714285714285714 5600
01000000001100000100 0.9761552376253906 0.022035849366880446 0.00164446637066272 0.000164446637066272 6081
10000000001110000000 0.9737756165335186 0.0005210142410559222 0.025703369225425494 0.0 5758
00000111001100010000 0.9733290998571201 0.00015875535799333228 0.02651214478488649 0.0 6299
00000010001110010000 0.9759598134194475 0.0003588087549336204 0.023501973448152136 0.0001794043774668102 5574
00010000001100000000 0.8229135053110774 0.17040971168437025 0.004704097116843702 0.0019726858877086493 6590
00010000001110010000 0.9597210113339145 0.0001743679163034002 0.03958151700087184 0.0005231037489102005 5735
00011000001100000100 0.9679376083188909 0.030979202772963604 0.0010831889081455806 0.0 4616
10000000001100000100 0.9778680203045685 0.018883248730964468 0.003045685279187817 0.0002030456852791878 4925
11000000001100000100 0.9957865168539326 0.002407704654895666 0.0018057784911717496 0.0 4984
00000000101110010100 0.9913194444444444 0.00043402777777777775 0.0015190972222222222 0.006727430555555556 4608
00010000001110110101 0.9924359968968193 0.0003878975950349108 0.0005818463925523662 0.0065942591155934835 5156
00000001001100110001 0.996078431372549 0.000392156862745098 0.001568627450980392 0.00196078431372549 5100
00001000001100000100 0.9683148335015136 0.03007063572149344 0.0012108980827447023 0.0004036326942482341 4955
00000000101100000100 0.949576521567855 0.04865077801851487 0.001378766988378964 0.00039393342525113255 5077
00000101001110110101 0.9936267675761801 0.0013941445927106153 0.0011949810794662419 0.003784106751643099 5021
00000000101100010000 0.8815566835871405 0.007614213197969543 0.10998307952622674 0.0008460236886632825 4728
00000010001110110000 0.9490231304738379 0.00022456770716370987 0.05052773411183472 0.00022456770716370987 4453
00000000001100010000 0.6300053390282968 0.000800854244527496 0.36892685531233316 0.00026695141484249865 3746
01100000001100000001 0.9946204423191871 0.004383343295477187 0.0007969715082685794 0.00019924287706714485 5019
00100000001100000001 0.9694871239991344 0.026834018610690326 0.002596840510711967 0.0010820168794633195 4621
00010000001110010100 0.9961182994454714 0.00055452865064695 0.00055452865064695 0.0027726432532347504 5410
10000000001100000000 0.7203473945409429 0.2704714640198511 0.005459057071960298 0.0037220843672456576 4030
00000100001110010100 0.994259942599426 0.0004100041000410004 0.0012300123001230013 0.004100041000410004 4878
01000000001100000101 0.958014518344124 0.0394349617422013 0.001961938395134393 0.0005885815185403178 5097
11100000001100000101 0.9980472987632892 0.0019527012367107832 0.0 0.0 4609
00000000101100000101 0.9487774030354131 0.048060708263069137 0.002529510961214165 0.0006323777403035413 4744
00001000001100010000 0.92736531760922 0.009648887697668185 0.06084159742696328 0.0021441972661484857 3731
00010000001100000010 0.5468079737572547 0.0025233409033560434 0.44991168306838253 0.000757002271006813 3963
00100000001100010000 0.8631352514116698 0.0 0.1368647485883302 0.0 3719
00000000101110110101 0.992451967063129 0.0004574565416285453 0.0011436413540713633 0.005946935041171089 4372
00010000001110110000 0.9470222871757399 0.0014614541468761417 0.051516258677384 0.0 5474
00010000001100010000 0.9649122807017544 0.012426900584795321 0.009015594541910331 0.01364522417153996 4104
00010000001100000000 0.5812032016524658 0.0012909888974954814 0.41698941389104055 0.0005163955589981926 3873
00000110001110010000 0.9949273691491815 0.0004611482591653217 0.004611482591653216 0.0 4337
00000000001100100000 0.5798391728891442 0.0005743825387708214 0.4190120620333142 0.0005743825387708214 3482
00100000001100110000 0.9720368605020655 0.00031776294884016526 0.02732761360025421 0.00031776294884016526 3147
00000001001100100000 0.9755419677598666 0.0013896609227348527 0.023068371317398556 0.0 3598
00000000001100110001 0.9951584507042254 0.002640845070422535 0.0022007042253521128 0.0 4544
00000000001100000000 0.9993234100135318 0.0002255299954894001 0.0004510599909788002 0.0 4434
00100000001100000001 0.978871355977534 0.019256485691361326 0.001337255950788981 0.0005349023803155924 3739
00000111001110110000 0.9949748743718593 0.0010050251256281408 0.004020100502512563 0.0 3980
00000100001110000000 0.9734867433716858 0.0002501250625312656 0.026013006503251626 0.0002501250625312656 3998
00000000111110010000 0.9667446089893479 0.0005196154845414394 0.03273577552611068 0.0 3849
00010000001100100000 0.919634703196347 0.0006088280060882801 0.07945205479452055 0.00030441400304414006 3285
10000000001110010000 0.9692843571880937 0.0 0.03071564281190627 0.0 3158
00100000001100000000 0.736214605067064 0.25757575757575757 0.005216095380029807 0.0009935419771485345 4026
00100000001100110001 0.9937282229965156 0.0010452961672473868 0.0031358885017421603 0.0020905923344947735 2870
10000000001100000000 0.5853801169590643 0.0014619883040935672 0.4131578947368421 0.0 3420
00000010001100010100 0.9686924493554327 0.01810926949048496 0.010742786985880909 0.0024554941682013503 3258
10000000001100000010 0.5489234123739438 0.0002725538293813028 0.45025892613791224 0.0005451076587626056 3669
10000000001100010000 0.8655660377358491 0.0005241090146750524 0.13364779874213836 0.0002620545073375262 3816
00100000001100000000 0.5751724137931035 0.0008275862068965517 0.42317241379310344 0.0008275862068965517 3625
00000000011110010000 0.9575713240673006 0.0 0.04242867593269934 0.0 4101
10000000001110000100 0.9917382683410443 0.0016523463317911435 0.002974223397224058 0.0036351619299405157 3026
00010000001100000100 0.9360852197070573 0.05692410119840213 0.005326231691078562 0.0016644474034620505 3004
01000000001100100000 0.9676268861454047 0.0054869684499314125 0.0252400548696845 0.0016460905349794238 3645
00010000001110000000 0.930352798053528 0.00030413625304136254 0.06843065693430657 0.0009124087591240876 3288
00000100001100010000 0.7532180948878264 0.0003677822728944465 0.24641412283927916 0.0 2719
10000000001100100000 0.9754684838160136 0.0006814310051107325 0.02385008517887564 0.0 2935
00000011001100110000 0.9963680387409201 0.00048426150121065375 0.0031476997578692495 0.0 4130
01000000001110000000 0.9653704229349985 0.007380073800738007 0.023843315356230486 0.0034061879080329264 3523
00100000001100000010 0.5409176281191307 0.00026831231553528306 0.45881405956533405 0.0 3727
00100000001100100001 0.9928934010152284 0.0010152284263959391 0.003722504230118443 0.0023688663282571912 2955
01100000001100110000 0.9923986486486487 0.0004222972972972973 0.0046452702702702705 0.002533783783783784 2368
00000000001100000000 0.6293838862559241 0.36334913112164297 0.0044233807266982625 0.002843601895734597 3165
00010000001100000101 0.9036759700476514 0.09292035398230089 0.002382573179033356 0.0010211027910142954 2938
11000000001110010000 0.9946258784621744 0.00041339396444811904 0.0033071517155849523 0.0016535758577924762 2419
00000000011100000000 0.8728476821192053 0.11364238410596027 0.010066225165562914 0.003443708609271523 3775
00000000001100000010 0.5609756097560976 0.0037205456800330715 0.4353038445638694 0.0 2419
00011000001100010000 0.9538461538461539 0.006153846153846154 0.03829059829059829 0.0017094017094017094 2925
00010000001100000100 0.9317005864091066 0.06105553639185926 0.004829251466022766 0.002414625733011383 2899
00000010001100000100 0.9507989907485281 0.02943650126156434 0.01471825063078217 0.005046257359125316 2378
01100000001100100000 0.9935993975903614 0.0018825301204819277 0.00338855421686747 0.0011295180722891566 2656
01000000001110100000 0.9519667170953101 0.0018910741301059002 0.04387291981845688 0.0022692889561270802 2644
00000010001100010001 0.9560546875 0.02734375 0.011393229166666666 0.005208333333333333 3072
00010000001100000001 0.7987096774193548 0.19516129032258064 0.0032258064516129032 0.002903225806451613 3100
00000010001100000001 0.9390969548477424 0.022051102555127756 0.03500175008750438 0.0038501925096254812 2857
01000000001110000100 0.9649730561970746 0.00038491147036181676 0.03156274056966898 0.003079291762894534 2598
00000011001100110001 0.9711493718008376 0.02419730107026524 0.003257328990228013 0.0013959981386691485 2149
00100000001100000100 0.971473231731145 0.023055881203595155 0.0035169988276670576 0.0019538882375928096 2559
10100000001110100101 0.9935275080906149 0.001438331535418914 0.002876663070837828 0.002157497303128371 2781
00000000101100100000 0.7638152914458743 0.0 0.23580620741862227 0.0003785011355034065 2642
00000000101100000010 0.5424279334145351 0.00933820544051969 0.4474218432805522 0.0008120178643930166 2463
00001000001100010000 0.9566630552546046 0.008306247742867461 0.031058143734200072 0.0039725532683279165 2769
00100000001110000000 0.971170545328239 0.0 0.02882945467176103 0.0 2879
10100000001110110101 0.99511684687827 0.0006975933031042902 0.0017439832577607255 0.002441576560865016 2867
10100000001100000101 0.9771022502960915 0.021713383339913146 0.0011843663639952626 0.0 2533
00000110001100010100 0.9854762921828278 0.007261853908586074 0.004698846646732166 0.0025630072618539087 2341
10000000001110010100 0.9952590585844904 0.0 0.002031832035218422 0.0027091093802912294 2953
01100000001100100001 0.9742558326629123 0.002011263073209976 0.022928399034593726 0.0008045052292839903 2486
10000000001100000100 0.964561403508772 0.03298245614035088 0.0017543859649122807 0.0007017543859649122 2850
11000000001110010100 0.970646568821896 0.0007933359777865926 0.027370091233637445 0.001190003966679889 2521
10100000001110110000 0.9744827586206897 0.000689655172413793 0.02413793103448276 0.000689655172413793 2900
01000000001100110001 0.9694164989939638 0.002414486921529175 0.024949698189134808 0.0032193158953722333 2485
11100000001110100101 0.9698492462311558 0.0008375209380234506 0.02847571189279732 0.0008375209380234506 2388
10100000001100000101 0.9753246753246754 0.024242424242424242 0.0 0.0004329004329004329 2310
00000100001100000010 0.5663567202028741 0.0016906170752324597 0.4319526627218935 0.0 2366
00000000001100000001 0.6010240252067743 0.3922804253643167 0.0031508467900748325 0.0035447026388341868 2539
11000000001110000100 0.9683519876495561 0.0011578541103820917 0.028174450019297567 0.0023157082207641835 2591
00001000001110110001 0.9933125278644672 0.0008916629514043691 0.003120820329915292 0.0026749888542131075 2243
00011000001110110100 0.9802405498281787 0.000429553264604811 0.019329896907216496 0.0 2328
01000000001100100001 0.96972049689441 0.002717391304347826 0.02406832298136646 0.0034937888198757765 2576
00011000001110010100 0.9734748010610079 0.0004420866489832007 0.023430592396109638 0.002652519893899204 2262
00000000011100110000 0.8652565609087348 0.0003916960438699569 0.13435174304739522 0.0 2553
00000111001100000101 0.9870441458733206 0.006238003838771593 0.004318618042226488 0.0023992322456813818 2084
00001000001110010000 0.9718723761544921 0.0008396305625524769 0.02476910159529807 0.0025188916876574307 2382
00000000111100010000 0.9684354986276303 0.016925892040256175 0.009149130832570906 0.0054894784995425435 2186
00000000011100000100 0.9671179883945842 0.025145067698259187 0.005802707930367505 0.0019342359767891683 2068
00000000111100000000 0.929678188319428 0.06277314263011521 0.004767580452920143 0.0027810885975367503 2517
00000101001110110000 0.9762020398251579 0.0009713453132588635 0.022826614861583293 0.0 2059
00000001001100110000 0.9691170073945193 0.0008699434536755111 0.028708133971291867 0.0013049151805132667 2299
00011000001100010000 0.9683519876495561 0.009262832883056734 0.018911617136240833 0.0034735623311462757 2591
00000111001100010101 0.99000999000999 0.005494505494505495 0.002997002997002997 0.0014985014985014985 2002
00000000111100100101 0.9895615866388309 0.0041753653444676405 0.003131524008350731 0.003131524008350731 1916
00000011001100000001 0.9860234445446348 0.004959422903516681 0.006762849413886384 0.002254283137962128 2218
00000010001100110001 0.9769647696476965 0.018066847335140017 0.0027100271002710027 0.002258355916892502 2214
10100000001110100000 0.9741379310344828 0.0 0.02586206896551724 0.0 2900
00001000001110110100 0.9777195281782438 0.0017474879860200961 0.019222367846221056 0.001310615989515072 2289
00000010001100000010 0.5323011211959423 0.0 0.46663107314468766 0.0010678056593699946 1873
00000110001100000100 0.9893122676579925 0.004182156133828996 0.005111524163568773 0.0013940520446096654 2152
00011000001110010000 0.9752868490732568 0.001323918799646955 0.02206531332744925 0.001323918799646955 2266
01000000001110100101 0.9710504549214226 0.0012406947890818859 0.02357320099255583 0.0041356492969396195 2418
00000010001110010100 0.9729477611940298 0.021921641791044777 0.0018656716417910447 0.0032649253731343282 2144
00000010001100000101 0.9448888888888889 0.03911111111111111 0.012 0.004 2250
00001000001100000001 0.8057285180572852 0.18306351183063513 0.007056870070568701 0.004151100041511001 2409
00000111001110110101 0.9765 0.0205 0.002 0.001 2000
11100000001110100000 0.9970288624787776 0.0 0.0008488964346349745 0.0021222410865874364 2356
00000100001100100000 0.9712765957446808 0.0005319148936170213 0.028191489361702127 0.0 1880
00000000101110010000 0.9388392857142858 0.0008928571428571428 0.059821428571428574 0.0004464285714285714 2240
00000010001110010100 0.9752321981424149 0.01901813356921716 0.003980539584254755 0.0017691287041132243 2261
01000000001110010100 0.9762861736334405 0.00040192926045016077 0.02130225080385852 0.0020096463022508037 2488
11000000001110000000 0.9900479174345743 0.0007371913011426465 0.007371913011426466 0.0018429782528566164 2713
00000010001100010101 0.9500613999181334 0.040523945968072045 0.0036839950880065493 0.0057306590257879654 2443
01000000001110110101 0.9720367278797997 0.0 0.024624373956594323 0.00333889816360601 2396
00000001001100010000 0.783427495291902 0.0009416195856873823 0.21563088512241055 0.0 2124
01000000001100110000 0.9672915835660152 0.0011966493817311527 0.029517351416035103 0.001994415636218588 2507
00000010001110110101 0.9776640297812936 0.0172173103769195 0.0009306654257794323 0.004187994416007445 2149
01000000001110010000 0.9754166666666667 0.0004166666666666667 0.021666666666666667 0.0025 2400
00000001001100000000 0.7069212410501193 0.2825775656324582 0.0076372315035799524 0.002863961813842482 2095
00000000001100000000 0.5659081150708458 0.0008587376556462001 0.43280377844568485 0.00042936882782310007 2329
01000000001100000000 0.46719289590527874 0.16576221016280218 0.30981746423285644 0.05722742969906265 2027
10000000001100000001 0.9585987261146497 0.03548680618744313 0.005004549590536852 0.0009099181073703367 2198
00000000101110110000 0.883348581884721 0.0013723696248856359 0.11527904849039342 0.0 2186
00000000111110010100 0.9835984095427436 0.015904572564612324 0.0 0.0004970178926441351 2012
00011000001110110001 0.9949238578680203 0.0009229349330872173 0.0027688047992616522 0.0013844023996308261 2167
00000101001110100000 0.97 0.0004761904761904762 0.029523809523809525 0.0 2100
00000110001110010100 0.9690721649484536 0.026710402999062792 0.0018744142455482662 0.0023430178069353325 2134
01000000001100000000 0.4522132796780684 0.1675050301810865 0.3163983903420523 0.06388329979879276 1988
00000011001100010001 0.9896396396396396 0.006756756756756757 0.0013513513513513514 0.0022522522522522522 2220
00000000011110010100 0.9812889812889813 0.012993762993762994 0.002079002079002079 0.0036382536382536385 1924
11100000001110110000 0.9935567010309279 0.000859106529209622 0.002147766323024055 0.003436426116838488 2328
00000110001110010100 0.9694930462090624 0.023777478689995513 0.003589053387169134 0.0031404217137729925 2229
00000000101100000000 0.5793581960104076 0.006938421509106678 0.41240242844752817 0.0013009540329575022 2306
00000111001110110101 0.9768472906403941 0.02019704433497537 0.001477832512315271 0.001477832512315271 2030
00000000011100000010 0.5364583333333334 0.004629629629629629 0.45891203703703703 0.0 1728
00000011001100110001 0.977587029089175 0.0195517405817835 0.0009537434430138292 0.0019074868860276585 2097
00000000001100110000 0.7585987261146497 0.23248407643312102 0.003821656050955414 0.005095541401273885 1570
11100000001110110101 0.9706507868991918 0.0012760527435133986 0.026371756699276903 0.0017014036580178648 2351
01100000001100110001 0.9701675521046179 0.0012259910093992644 0.027380465876583573 0.0012259910093992644 2447
00000000111100000100 0.970252850768468 0.023797719385225583 0.0034705007436787306 0.002478929102627665 2017
00000100001110010000 0.9691901408450704 0.00044014084507042255 0.030369718309859156 0.0 2272
00000000001110000000 0.9338028169014084 0.0 0.06619718309859154 0.0 2130
00000010001100010000 0.5500282645562464 0.0005652911249293386 0.4494064443188242 0.0 1769
00000010001100000000 0.6907216494845361 0.22211808809746955 0.07778819119025304 0.00937207122774133 2134
00000010001110000000 0.9056603773584906 0.0005717552887364208 0.0931961120640366 0.0005717552887364208 1749
01000000001110110000 0.952710966163881 0.0016306563391765185 0.04239706481858948 0.003261312678353037 2453
00010000001100000000 0.5847913862718708 0.1117092866756393 0.2604306864064603 0.04306864064602961 1486
00100000001100001000 0.9737034331628927 0.02556610664718773 0.0007304601899196494 0.0 1369
00000001001110000000 0.9737663960024985 0.0 0.02560899437851343 0.0006246096189881324 1601
00000000101100000100 0.8821353065539113 0.10570824524312897 0.006871035940803382 0.005285412262156448 1892
00000000011100010000 0.9599447513812155 0.02440147329650092 0.010589318600368325 0.0050644567219152855 2172
00000010001100010010 0.552477357485349 0.0005327650506126798 0.44485881726158766 0.002131060202450719 1877
00000100001100000000 0.5845167201099405 0.001374255611543747 0.4141090242785158 0.0 2183
00001000001110010100 0.9694690265486726 0.0017699115044247787 0.026106194690265486 0.002654867256637168 2260
00000000001100010001 0.7538461538461538 0.00641025641025641 0.23653846153846153 0.003205128205128205 1560
01000000001100000010 0.5612623762376238 0.012376237623762377 0.41707920792079206 0.009282178217821782 1616
00000000111110010101 0.9796121332670313 0.016409746394828444 0.0034808552958727 0.0004972650422675286 2011
00000001001100000000 0.5915032679738562 0.002178649237472767 0.4046840958605665 0.0016339869281045752 1836
10000000001100000000 0.588023088023088 0.10822510822510822 0.2647907647907648 0.03896103896103896 1386
01000000001100000010 0.5619886721208307 0.012586532410320957 0.4128382630585274 0.012586532410320957 1589
00001000001100100000 0.8864774624373957 0.07595993322203673 0.035058430717863104 0.0025041736227045075 1198
00000000101100000001 0.8405882352941176 0.14588235294117646 0.00411764705882353 0.009411764705882352 1700
00000000011110010101 0.978021978021978 0.01978021978021978 0.002197802197802198 0.0 1820
00000000001100110000 0.5733333333333334 0.0007407407407407407 0.42444444444444446 0.0014814814814814814 1350
00000010001100100000 0.9029666254635352 0.002472187886279357 0.09332509270704574 0.0012360939431396785 1618
00000000001100000100 0.9058759521218716 0.08759521218715996 0.00544069640914037 0.001088139281828074 1838
00000000101110000000 0.9370797310278578 0.0 0.06243996157540826 0.0004803073967339097 2082
00000010001110110101 0.9638327853452325 0.027712541099107563 0.0032879286049788633 0.005166744950681071 2129
00000100001100000000 0.7055167055167055 0.2871017871017871 0.004273504273504274 0.003108003108003108 2574
00000010001100010000 0.7029228557738381 0.21705797795879253 0.06995687589841879 0.010062290368950648 2087
00000000011110100000 0.930564166150031 0.0 0.069435833849969 0.0 1613
01000000001100010000 0.7486033519553073 0.04692737430167598 0.20335195530726258 0.0011173184357541898 1790
00010000001100000110 0.5496417604912999 0.0255885363357216 0.4155578300921187 0.009211873080859774 977
00010000001100001000 0.9853157121879589 0.011747430249632892 0.002936857562408223 0.0 1362
10000000001100001000 0.9826224328593997 0.013428120063191154 0.00315955766192733 0.0007898894154818325 1266
10000000001100001001 0.02137546468401487 0.9758364312267658 0.0 0.0027881040892193307 1076
00000000011100100101 0.9796019900497512 0.014427860696517412 0.004477611940298508 0.0014925373134328358 2010
00000010001100110001 0.9704902427415516 0.02237029985721085 0.0038077106139933364 0.0033317467872441696 2101
00000000001100000000 0.5742887249736565 0.12012644889357219 0.2602739726027397 0.045310853530031614 949
01000000001100000001 0.8873239436619719 0.10446009389671361 0.004107981220657277 0.004107981220657277 1704
00000100001100000001 0.9273097826086957 0.06657608695652174 0.004755434782608696 0.001358695652173913 1472
00001000001100000011 0.47860434496379195 0.07636603028308098 0.4009216589861751 0.044107965766951945 1519
00000000011100100000 0.7476798143851509 0.20591647331786542 0.0382830626450116 0.008120649651972157 1724
00000000001110110000 0.12529182879377432 0.0007782101167315176 0.8739299610894942 0.0 1285
00001000001110000000 0.9153526970954357 0.009128630705394191 0.07468879668049792 0.0008298755186721991 1205
00001000001100000001 0.5556420233463035 0.013229571984435798 0.4233463035019455 0.007782101167315175 1285
01000000001100100000 0.8812546676624347 0.05003734129947722 0.06273338312173264 0.00597460791635549 1339
00100000001101000000 0.01805337519623234 0.9772370486656201 0.0015698587127158557 0.0031397174254317113 1274
10000000001100000001 0.9559248554913294 0.03829479768786127 0.0036127167630057803 0.002167630057803468 1384
00000000011100000000 0.5837773830669035 0.0011841326228537595 0.4144464179988159 0.0005920663114268798 1689
00001000001100010001 0.8335755813953488 0.037063953488372096 0.12281976744186046 0.006540697674418605 1376
00000001001100000100 0.9242089771891097 0.0640176600441501 0.009565857247976454 0.002207505518763797 1359
00100000001101000000 0.9755686604886268 0.02106149957877001 0.002527379949452401 0.0008424599831508003 1187
10000000001101000000 0.015861027190332326 0.9833836858006042 0.0 0.0007552870090634441 1324
00011000001100000001 0.7745098039215687 0.2196078431372549 0.00392156862745098 0.00196078431372549 1020
00000000011100100010 0.5582860743541272 0.001260239445494644 0.44045368620037806 0.0 1587
00000001001100000010 0.5518716577540107 0.0010695187165775401 0.4459893048128342 0.0010695187165775401 1870
00010000001101000000 0.03512544802867384 0.9526881720430107 0.007885304659498209 0.004301075268817204 1395
10000000001101000000 0.9771380186282811 0.018628281117696866 0.004233700254022015 0.0 1181
00000000001100110001 0.8642105263157894 0.12947368421052632 0.005263157894736842 0.0010526315789473684 950
00000010001100001000 0.6847599164926931 0.014613778705636743 0.29436325678496866 0.006263048016701462 958
00000000101100010001 0.4669421487603306 0.12258953168044077 0.4049586776859504 0.005509641873278237 726
00000000001100110100 0.9574247144340602 0.037383177570093455 0.005192107995846314 0.0 963
00000000011100100100 0.9472710453283997 0.030527289546716005 0.02127659574468085 0.0009250693802035153 1081
00000010001100000000 0.5752369668246445 0.0017772511848341231 0.42298578199052134 0.0 1688
00000000001100000011 0.5499139414802066 0.004302925989672977 0.4440619621342513 0.0017211703958691911 1162
00100000001100000000 0.6101949025487257 0.12968515742128936 0.21739130434782608 0.04272863568215892 1334
00000000011100100001 0.84375 0.030330882352941176 0.11856617647058823 0.007352941176470588 1088
01000000001101000000 0.9762641898864809 0.0196078431372549 0.0030959752321981426 0.0010319917440660474 969
00000000001100000001 0.6163227016885553 0.0028142589118198874 0.3789868667917448 0.001876172607879925 1066
00001000001100000000 0.5776081424936387 0.010814249363867684 0.4026717557251908 0.008905852417302799 1572
00000000011110000000 0.9058423142370958 0.0011344299489506524 0.09302325581395349 0.0 1763
00010000001101000000 0.9596448748991122 0.033091202582728005 0.004842615012106538 0.002421307506053269 1239
01000000001100010000 0.8059418457648546 0.0493046776232617 0.14032869785082175 0.004424778761061947 1582
00001000001100000101 0.8909803921568628 0.1011764705882353 0.007058823529411765 0.000784313725490196 1275
00001000001100000010 0.47883124627310675 0.07513416815742398 0.4019081693500298 0.044126416219439475 1677
00000000001100110010 0.5736543909348442 0.000708215297450425 0.42422096317280455 0.00141643059490085 1412
00000000011100100000 0.5974547890154053 0.0006697923643670462 0.40187541862022774 0.0 1493
00000000001100100001 0.8235800344234079 0.004302925989672977 0.1686746987951807 0.0034423407917383822 1162
01000000001100000100 0.8449781659388647 0.14483260553129548 0.00727802037845706 0.002911208151382824 1374
00000010001101000000 0.02694610778443114 0.9476047904191617 0.0 0.025449101796407185 668
00000010001100000001 0.8618925831202046 0.06308610400682012 0.06820119352088662 0.0068201193520886615 1173
00010000001100000101 0.8149951314508277 0.16358325219084713 0.011684518013631937 0.009737098344693282 1027
00000000001000000000 1.0 0.0 0.0 0.0 767
01000000001100000101 0.7196765498652291 0.26549865229110514 0.013477088948787063 0.0013477088948787063 742
00100000001100001001 0.04436229205175601 0.9537892791127541 0.0 0.0018484288354898336 1082
10000000001100000101 0.8844847112117781 0.0985277463193658 0.010192525481313703 0.006795016987542469 883
00000000011100000100 0.9030944625407166 0.06270358306188925 0.029315960912052116 0.004885993485342019 1228
00100000001100000101 0.9021864211737629 0.08400460299194476 0.010356731875719217 0.0034522439585730723 869
01000000001100001001 0.12087912087912088 0.8717948717948718 0.0 0.007326007326007326 546
00000010001100000100 0.889367816091954 0.0603448275862069 0.04525862068965517 0.005028735632183908 1392
01000000001101000000 0.9736564805057956 0.026343519494204427 0.0 0.0 949
00001000001100001001 0.9830124575311439 0.014722536806342015 0.0022650056625141564 0.0 883
00001000001100000100 0.8859397417503587 0.10186513629842181 0.00860832137733142 0.003586800573888092 1394
01000000001110000000 0.8738284066330209 0.05623648161499639 0.06777217015140591 0.0021629416005767843 1387
00001000001100100001 0.8809523809523809 0.08882783882783883 0.03021978021978022 0.0 1092
00010000001100001001 0.01633705932932072 0.9819432502149613 0.0 0.0017196904557179708 1163
00000100001100000001 0.920042643923241 0.06823027718550106 0.005330490405117271 0.006396588486140725 938
00010000001110100000 0.7686453576864536 0.0015220700152207 0.228310502283105 0.0015220700152207 657
00000010001100010000 0.5959183673469388 0.09523809523809523 0.272108843537415 0.036734693877551024 735
00000000001100000101 0.2620689655172414 0.7261083743842365 0.0049261083743842365 0.006896551724137931 1015
00000000001101000000 0.021301775147928994 0.9751479289940829 0.0 0.0035502958579881655 845
00001000001100001000 0.9836257309941521 0.012865497076023392 0.0023391812865497076 0.0011695906432748538 855
00000010001100010001 0.7660455486542443 0.08074534161490683 0.15010351966873706 0.003105590062111801 966
00000000001100000101 0.7196969696969697 0.2606060606060606 0.01818181818181818 0.0015151515151515152 660
00000000111100110000 0.7604519774011299 0.0 0.2384180790960452 0.0011299435028248588 885
00000010001100000000 0.5850439882697948 0.11143695014662756 0.2624633431085044 0.04105571847507331 682
00000100001100000000 0.5902547065337763 0.13732004429678848 0.23588039867109634 0.036544850498338874 903
00000000001110000001 0.9607182940516273 0.002244668911335578 0.03591470258136925 0.001122334455667789 891
00000100001100000101 0.7528230865746549 0.2371392722710163 0.0075282308657465494 0.002509410288582183 797
00000100001101000000 0.9755434782608695 0.021739130434782608 0.002717391304347826 0.0 736
00000000101100001000 0.9863169897377423 0.012542759407069556 0.0011402508551881414 0.0 877
00100000001100000110 0.5363436123348018 0.015418502202643172 0.43832599118942733 0.009911894273127754 908
00000000011101100000 0.7340425531914894 0.0182370820668693 0.24316109422492402 0.004559270516717325 658
00000000101100000000 0.581042654028436 0.1023696682464455 0.2834123222748815 0.03317535545023697 1055
01000000001100000110 0.5542763157894737 0.044407894736842105 0.375 0.02631578947368421 608
00000000011100000001 0.8616636528028933 0.0433996383363472 0.09312839059674503 0.0018083182640144665 1106
00000000011100001000 0.9584615384615385 0.012307692307692308 0.026153846153846153 0.003076923076923077 650
00001000001100000000 0.6359039190897599 0.07711757269279393 0.26169405815423513 0.025284450063211124 791
00000000011100000001 0.861731843575419 0.061452513966480445 0.07262569832402235 0.004189944134078212 716
00000000001101000001 0.9550102249488752 0.03067484662576687 0.014314928425357873 0.0 489
00000000101100001001 0.01928374655647383 0.9752066115702479 0.0 0.005509641873278237 726
10000000001100000110 0.5494623655913978 0.012903225806451613 0.43333333333333335 0.004301075268817204 930
00000001001100000000 0.5822784810126582 0.12025316455696203 0.26424050632911394 0.03322784810126582 632
00001000001110000001 0.9365708622398414 0.018830525272547076 0.040634291377601585 0.003964321110009911 1009
00000100001100001000 0.9809069212410502 0.014319809069212411 0.002386634844868735 0.002386634844868735 838
00010000001100010001 0.5329218106995884 0.07304526748971193 0.39094650205761317 0.0030864197530864196 972
00000010001100010110 0.5058823529411764 0.029411764705882353 0.45294117647058824 0.011764705882352941 510
00000001001101000000 0.02900763358778626 0.9679389312977099 0.0 0.0030534351145038168 655
00000100001100001001 0.012396694214876033 0.9807162534435262 0.0 0.006887052341597796 726
10100000001100010000 0.8435517970401691 0.0 0.15644820295983086 0.0 473
00000000001101000000 0.9711779448621554 0.018796992481203006 0.008771929824561403 0.0012531328320802004 798
00000000011101000000 0.7529411764705882 0.0457516339869281 0.2 0.00130718954248366 765
00000000011100000000 0.5720858895705522 0.1058282208588957 0.2883435582822086 0.03374233128834356 652
00000000111100000100 0.8225806451612904 0.14285714285714285 0.02304147465437788 0.01152073732718894 434
00000000011100101000 0.9532710280373832 0.011214953271028037 0.028037383177570093 0.007476635514018692 535
00000000001100000100 0.5392 0.4384 0.0112 0.0112 625
00000000011100100001 0.8784615384615385 0.06615384615384616 0.04923076923076923 0.006153846153846154 650
00000000001100011000 0.8554778554778555 0.009324009324009324 0.11655011655011654 0.018648018648018648 429
00001000001101000000 0.19289340101522842 0.7969543147208121 0.01015228426395939 0.0 591
00000000101100000010 0.27151051625239003 0.4378585086042065 0.20650095602294455 0.0841300191204589 523
00100000001100000011 0.5786061588330632 0.014586709886547812 0.39384116693679094 0.012965964343598054 617
10000000001100011001 0.02577319587628866 0.8402061855670103 0.005154639175257732 0.12886597938144329 388
01000000001100001000 0.803125 0.1953125 0.0015625 0.0 640
00000000101100000101 0.6962552011095701 0.289875173370319 0.005547850208044383 0.008321775312066574 721
11100000001100000100 0.7824858757062146 0.211864406779661 0.002824858757062147 0.002824858757062147 354
11100000001100000001 0.7493472584856397 0.2402088772845953 0.007832898172323759 0.0026109660574412533 383
00010000001100011001 0.018404907975460124 0.8220858895705522 0.00408997955010225 0.1554192229038855 489
00000001001100000011 0.5916114790286976 0.039735099337748346 0.3576158940397351 0.011037527593818985 453
00000010001100011000 0.6766275346851655 0.033084311632870865 0.2870864461045891 0.0032017075773745998 937
00011000001100000010 0.504297994269341 0.06160458452722063 0.40257879656160456 0.03151862464183381 698
00010000001100010001 0.3932926829268293 0.4115853658536585 0.14329268292682926 0.051829268292682924 328
00001000001100000111 0.5682730923694779 0.03614457831325301 0.3855421686746988 0.010040160642570281 498
00000010001100010011 0.5086705202312138 0.06647398843930635 0.3901734104046243 0.03468208092485549 346
10100000001100100000 0.8450106157112527 0.0 0.15498938428874734 0.0 471
00010000001100011000 0.8790087463556852 0.011661807580174927 0.10349854227405247 0.0058309037900874635 686
00100000001110100000 0.853781512605042 0.0016806722689075631 0.14285714285714285 0.0016806722689075631 595
00001000001100010001 0.5864022662889519 0.1359773371104816 0.23512747875354106 0.042492917847025496 353
10000000001111000000 0.007371007371007371 0.972972972972973 0.0 0.019656019656019656 407
00000000101100010100 0.3273809523809524 0.20634920634920634 0.45436507936507936 0.011904761904761904 504
00000000011101000000 0.04796511627906977 0.8212209302325582 0.00436046511627907 0.12645348837209303 688
00000010001100000101 0.718132854578097 0.1526032315978456 0.11490125673249552 0.01436265709156194 557
01100000001100000101 0.7471264367816092 0.2442528735632184 0.0028735632183908046 0.005747126436781609 348
00000110001100100000 0.9626436781609196 0.0 0.03735632183908046 0.0 348
00100000001101100000 0.9544303797468354 0.007594936708860759 0.03291139240506329 0.005063291139240506 395
10000000001100011000 0.902555910543131 0.01437699680511182 0.07987220447284345 0.003194888178913738 626
00000000101101000000 0.9050343249427918 0.08810068649885583 0.005720823798627002 0.0011441647597254005 874
00000000011101100000 0.01584786053882726 0.8161648177496038 0.011093502377179081 0.15689381933438987 631
10100000001110000000 0.851764705882353 0.0 0.14823529411764705 0.0 425
00000000001100000110 0.5370051635111877 0.06196213425129088 0.39070567986230637 0.010327022375215147 581
00010000001110110100 0.23076923076923078 0.3076923076923077 0.4574898785425101 0.004048582995951417 247
00011000001100000011 0.45539033457249073 0.10966542750929369 0.38661710037174724 0.048327137546468404 538
00000110001100110000 0.9432314410480349 0.0 0.056768558951965066 0.0 458
