000000000000000000000000 0.9995891649889287 3.576094225924604e-05 0.0003632923630290073 1.1781705783084936e-05 7214575
000100000000000000000000 0.999384021670563 0.00014100708746150135 0.00044528553935210954 2.968570262347397e-05 134745
001000000000000000000000 0.9995098371905375 9.803256189248091e-05 0.0003695073486716588 2.2622898898264825e-05 132609
100000000000000000000000 0.9995327736665209 6.7823177440504e-05 0.00038433133882952267 1.5071817209000889e-05 132698
000000100000000000000000 0.9995075784871851 7.206168480219068e-05 0.00040834954721241385 1.2010280800365113e-05 83262
000000000100000000000000 0.9986914257228315 0.0006231306081754736 0.000660518444666002 2.4925224327018942e-05 80240
000000001000000000000000 0.9993163636363637 0.00014545454545454546 0.0005090909090909091 2.909090909090909e-05 68750
000000010000000000000000 0.9772855724432903 4.582601390055755e-05 0.022653326204842283 1.5275337966852517e-05 65465
000000010000000100000000 0.9762200070436553 3.062458848209227e-05 0.023688119190898374 6.124917696418454e-05 65307
000000000010000000000000 0.9790240867478447 7.110479068527243e-05 0.020887032263798774 1.7776197671318106e-05 56255
000000000010001000000000 0.9791878082216169 3.560682938987698e-05 0.02075878153429828 1.780341469493849e-05 56169
010000000000000000000100 0.9797663255139933 0.019672131147540985 0.00039851462729825196 0.00016302871116746672 55205
010000000000000000000000 0.9800795372378887 0.019613159797541576 0.00027114967462039046 3.6153289949385395e-05 55320
000010000000000000000000 0.9842528189398194 0.01527195748909146 0.00034561714261027347 0.00012960642847885254 46294
000000000001001100000000 0.9995478553959348 6.165608237252604e-05 0.00039048852169266496 0.0 48657
000000000001000000000000 0.9993585499089555 8.276775368316503e-05 0.000558682337361364 0.0 48328
000010000000000000001000 0.9840060763888889 0.015625 0.0003689236111111111 0.0 46080
000001000000000000000000 0.9994401642184959 0.0001066353869531604 0.0004532003945509317 0.0 37511
000001000000000000001100 0.9994680992526794 0.00029254541102630247 0.00023935533629424748 0.0 37601
011000000000000000000000 0.9904191616766467 0.008982035928143712 0.0005389221556886227 5.988023952095808e-05 16700
101000000000000000000000 0.9992552597281698 0.00043443182523428286 0.00031030844659591636 0.0 16113
000110000000000000000000 0.9837909992372235 0.015573353674040172 0.0005720823798627002 6.356470887363335e-05 15732
000000110000000100000000 0.9764189744995887 0.0 0.023512476007677544 6.854949273375377e-05 14588
000110000000000000001000 0.9824707312392041 0.01682553899302668 0.0006397543343356152 6.397543343356151e-05 15631
110000000000000000000100 0.9904942965779467 0.0092680608365019 0.0002376425855513308 0.0 16832
000000110000000000000000 0.9776828764292602 0.0 0.022317123570739773 0.0 14518
000000000110000000000000 0.9772676119738916 0.00015004876584890088 0.022582339260259585 0.0 13329
000000101000000000000000 0.998805922623786 0.00023881547524279574 0.0008756567425569177 7.960515841426525e-05 12562
000000000110001000000000 0.9780836262996484 7.479991024010771e-05 0.02184157379011145 0.0 13369
000000001000000000001000 0.9273063706053397 0.07176843774781919 0.0009251916468411313 0.0 7566
000000101000000000101100 0.9810181190681622 0.01848884506347837 0.0004930358683594232 0.0 8113
000000100000000000100000 0.9720930232558139 0.025968992248062015 0.0016795865633074936 0.00025839793281653745 7740
000000001000000000001100 0.9788757188123459 0.01971599577514376 0.0011735711770918906 0.0002347142354183781 8521
111000000000000000000100 0.9783602150537635 0.020698924731182795 0.0008064516129032258 0.00013440860215053763 7440
000000100000000000100100 0.9785961975367691 0.019251464785364103 0.001913189046992706 0.00023914863087408825 8363
011000000000000000000100 0.9592641261498029 0.03989965356588221 0.000597300203082069 0.00023892008123282762 8371
110000000000000000000000 0.961976730238695 0.03718363919875255 0.0005997361161089121 0.00023989444644356483 8337
000000000100000000000100 0.8850716204118174 0.11089973142345569 0.003133393017009848 0.0008952551477170994 8936
000101000000000000000000 0.999316566429743 0.0005467468562055768 0.0001366867140513942 0.0 7316
000100000000000100000000 0.9087022479657978 0.0024824162184526274 0.08853951179147704 0.00027582402427251415 7251
000101000000000000001100 0.9985984583041345 0.0008409250175192712 0.0005606166783461808 0.0 7135
000011000000000000000000 0.9928404441846873 0.005406195207481005 0.0017533606078316774 0.0 6844
000011000000000000000100 0.9924988968966024 0.006177379026327401 0.0013237240770701574 0.0 6799
000111000000000000000100 0.9925259304453935 0.006406345332519829 0.0010677242220866383 0.0 6556
000000011000000000000000 0.9745539631471191 0.0002924831822170225 0.025153553670663936 0.0 6838
000000111000000000000000 0.9734137987277769 0.0 0.02658620127222313 0.0 6131
000000101000101000101000 0.9925226989496172 0.00017803097739006588 0.00035606195478013177 0.006943208118212569 5617
000111000000000000000000 0.9947193723596862 0.004073627036813518 0.001056125528062764 0.00015087507543753772 6628
111000000000000000000000 0.9798714006150405 0.019289907743919487 0.0005591277606933184 0.0002795638803466592 7154
000000000011000000000000 0.994888705688376 0.0021434460016488046 0.002967848309975268 0.0 6065
000100000000101100000000 0.9525134483398257 0.0005564830272676684 0.0469300686329067 0.0 5391
000000111000000100000000 0.9739625711960944 0.0 0.025874694873881204 0.00016273393002441008 6145
010000000000000000100100 0.9790514496396849 0.018267135914194738 0.0023462376403552876 0.0003351768057650411 5967
000000000100000100000100 0.9785120982304081 0.005958829902491874 0.0065005417118093175 0.00902853015529072 5538
000100000000100100000000 0.9561162918266594 0.00018284878405558602 0.043518010605229474 0.00018284878405558602 5469
000000011000000100000000 0.9786503433860854 0.00014929829799940282 0.0212003583159152 0.0 6698
001000000000001000000000 0.9816026888377852 0.0007075888908544136 0.01768972227136034 0.0 5653
000000000101001100000000 0.9989983305509182 0.000333889816360601 0.000667779632721202 0.0 5990
010000000000000000001100 0.9772089761570828 0.021037868162692847 0.0015778401122019635 0.0001753155680224404 5704
000000001000001000001000 0.9911714770797962 0.0027164685908319186 0.0010186757215619694 0.0050933786078098476 5890
000100000000100100100100 0.9944359171143515 0.0007674597083653108 0.0007674597083653108 0.004029163468917882 5212
000000000101000000000000 0.9991627595445411 0.0003348961821835231 0.0005023442732752846 0.0 5972
000000100000100000100000 0.9932829554995802 0.0005037783375314861 0.0011754827875734676 0.005037783375314861 5955
000000101000000000101000 0.9666392769104355 0.0323746918652424 0.0008216926869350862 0.00016433853738701725 6085
000000000100000000100100 0.9539323511101888 0.0439925295704503 0.0012450715916165179 0.0008300477277443454 4819
000000000111000000000000 0.994825124910778 0.0014275517487508922 0.003747323340471092 0.0 5604
000100000000000000000100 0.855531686358754 0.1398138202649481 0.0030433225921947726 0.001611170784103115 5586
000000010000100100000000 0.9763138415988157 0.0 0.023501110288675055 0.0001850481125092524 5404
000000000011000100000000 0.9926236378876782 0.0016764459346186086 0.005699916177703269 0.0 5965
000000000111000100000000 0.9937700249199003 0.001423994304022784 0.004627981488074048 0.000177999288002848 5618
010000000000000000101100 0.9631309148264984 0.03430599369085174 0.002365930599369085 0.0001971608832807571 5072
000000101000101100101100 0.9953703703703703 0.0 0.001473063973063973 0.0031565656565656565 4752
000100000000001100001100 0.995128604832424 0.00019485580670303975 0.0005845674201091193 0.004091971940763835 5132
110000000000000000100100 0.9979625101874491 0.002037489812550937 0.0 0.0 4908
100000000000100000000000 0.9819819819819819 0.00018018018018018018 0.017657657657657658 0.00018018018018018018 5550
000000001000001100001100 0.9939696402578498 0.0002079434393844874 0.001039717196922437 0.0047826991058432106 4809
000000010000001100000000 0.97729810197246 0.0003721622627465575 0.02232973576479345 0.0 5374
011000000000000000001100 0.9970924195223261 0.0020768431983385254 0.0008307372793354102 0.0 4815
000100000000001100000000 0.9561420163280805 0.000569584203531422 0.04309853806721094 0.00018986140117714068 5267
000000000100000000001100 0.9591836734693877 0.039312567132116005 0.0012889366272824919 0.00021482277121374866 4655
000000110000100100000000 0.9966232513265798 0.000482392667631452 0.002894356005788712 0.0 4146
000000000100101100101100 0.9919297412769997 0.00047472110135295516 0.0009494422027059103 0.006646095418941372 4213
100000000000000000100000 0.9824452705493598 0.013424204874019 0.0037174721189591076 0.0004130524576621231 4842
000000000100000000101100 0.9575371549893843 0.04097664543524416 0.0012738853503184713 0.00021231422505307856 4710
111000000000000000101100 0.9971308761862724 0.0022070183182520413 0.0006621054954756124 0.0 4531
000000000100100100100100 0.9957062146892656 0.00022598870056497175 0.0011299435028248588 0.0029378531073446326 4425
000110000000000000100100 0.9972318339100346 0.001384083044982699 0.0011534025374855825 0.0002306805074971165 4335
000000100000100100100100 0.9954223886808157 0.00020807324178110696 0.0008322929671244278 0.0035372451102788183 4806
000000000110100100000000 0.9961706783369803 0.0002735229759299781 0.0035557986870897156 0.0 3656
000100000000101100101100 0.9942300039793076 0.00019896538002387584 0.001193792280143255 0.004377238360525269 5026
001000000000000000001000 0.9771402958314657 0.019722097714029583 0.0022411474675033617 0.0008964589870013447 4462
000000010000101100000000 0.951530612244898 0.0011595547309833025 0.04707792207792208 0.00023191094619666049 4312
000000000100000100000000 0.9081160126736534 0.005849378503534 0.08554716061418474 0.0004874482086278333 4103
000000011000001100000000 0.9962443665498247 0.0007511266900350526 0.002754131196795193 0.0002503755633450175 3994
000000000100001100001100 0.9936140018921475 0.0004730368968779565 0.0016556291390728477 0.004257332071901609 4228
000010000000000000100100 0.9922583499225835 0.0061933200619332 0.0013271400132714001 0.00022119000221190003 4521
000100000000000100000100 0.9729594391587381 0.009514271407110666 0.004757135703555333 0.012769153730595895 3994
000000010000000100100000 0.9710743801652892 0.017800381436745075 0.008900190718372537 0.0022250476795931343 3146
001000000000000000010000 0.53601108033241 0.0002770083102493075 0.46371191135734074 0.0 3610
001000000000000000000100 0.7216928251121076 0.2710201793721973 0.005044843049327354 0.002242152466367713 3568
000100000000000000010000 0.5306666666666666 0.0029333333333333334 0.4650666666666667 0.0013333333333333333 3750
000000010000000100001000 0.9673768308921438 0.020972037283621837 0.008655126498002663 0.002996005326231691 3004
100000000000000000000100 0.7157658919070289 0.27891346961635394 0.004200504060487258 0.0011201344161299357 3571
001000000000001100001100 0.9952071208490243 0.0006846970215679561 0.0010270455323519343 0.0030811365970558027 2921
000000111000101100000000 0.9976464435146444 0.0005230125523012552 0.0018305439330543933 0.0 3824
000000000010100100000000 0.9928872497365648 0.0005268703898840885 0.006322444678609062 0.00026343519494204424 3796
100000000000000000000001 0.9937205651491365 0.0 0.005494505494505495 0.0007849293563579278 2548
010000000000100000000100 0.9749225133840519 0.0039447731755424065 0.01944209636517329 0.0016906170752324597 3549
100000000000000000010000 0.5419494976920989 0.0 0.4572359489546565 0.0008145533532446375 3683
000000001000001000000000 0.9784856105057279 0.0022352612461581448 0.01899972059234423 0.0002794076557697681 3579
000100000000000000000010 0.5165994415141173 0.0006205398696866273 0.4812286689419795 0.0015513496742165685 3223
000000100000100000000000 0.9816109816109816 0.0 0.01813001813001813 0.000259000259000259 3861
010000000000001000001100 0.9708398133748056 0.0015552099533437014 0.025272161741835147 0.0023328149300155523 2572
000100000000000000001100 0.9461393596986817 0.050094161958568736 0.0022598870056497176 0.0015065913370998117 2655
010000000000001100000000 0.9715004191114837 0.0016764459346186086 0.024727577535624476 0.0020955574182732607 2386
001000000000000100000000 0.8812589413447782 0.0 0.11874105865522175 0.0 3495
100000000000000100000000 0.8774805867126834 0.0002876042565429968 0.12223180903077366 0.0 3477
000100000000000000001000 0.8574265289912629 0.14019062748212868 0.0015885623510722795 0.0007942811755361397 2518
001000000000001100000000 0.9737015121630507 0.0009861932938856016 0.025312294543063774 0.0 3042
100000000000001000000000 0.9804756833510827 0.0 0.019169329073482427 0.0003549875754348598 2817
100000000000100100100100 0.9975533030408948 0.0003495281370150297 0.0006990562740300594 0.0013981125480601187 2861
101000000000101000000000 0.9791291831594099 0.0003598416696653472 0.020510975170924792 0.0 2779
000100000000001000000000 0.9381476683937824 0.0003238341968911917 0.061204663212435235 0.0003238341968911917 3088
000100000000100000000000 0.9457133399536577 0.0 0.0539556438265475 0.00033101621979476995 3021
101000000000000000101000 0.9778779188857026 0.020893076607947564 0.0012290045063498567 0.0 2441
010000000000001000000100 0.968741038141669 0.006309148264984227 0.022368798394034987 0.0025810151993117293 3487
100000000000100100000000 0.9761114797611148 0.0009953550099535502 0.02289316522893165 0.0 3014
001000000000001000001000 0.9920371599203716 0.0009953550099535502 0.0029860650298606504 0.003981420039814201 3014
100000000000000000000010 0.5324427480916031 0.0006361323155216285 0.4669211195928753 0.0 3144
001000000000000000000001 0.9942241047362341 0.0011551790527531767 0.004620716211012707 0.0 2597
000110000000100100100100 0.9838202247191011 0.0017977528089887641 0.014382022471910113 0.0 2225
010000000000101000101100 0.97298438159561 0.002110595187842972 0.020261713803292527 0.004643309413254538 2369
000110000000101100001000 0.9954254345837146 0.0 0.0018298261665141812 0.0027447392497712718 2186
011000000000001100001100 0.9712052653229124 0.00041135335252982314 0.027149321266968326 0.0012340600575894694 2431
000000000001000100000000 0.5018602728400166 0.00041339396444811904 0.49772633319553533 0.0 2419
000100000000000000101100 0.9572419106317411 0.04044684129429892 0.0011556240369799693 0.0011556240369799693 2596
000000100000000000010000 0.5465465465465466 0.000858000858000858 0.4517374517374517 0.000858000858000858 2331
000000110000000100100000 0.9848349687778769 0.00847457627118644 0.0053523639607493305 0.0013380909901873326 2242
010000000000100100000000 0.9693877551020408 0.002857142857142857 0.026530612244897958 0.0012244897959183673 2450
000100000000000000000001 0.9904970760233918 0.0014619883040935672 0.007675438596491228 0.0003654970760233918 2736
000000100000000100000000 0.7622406639004149 0.0 0.23692946058091285 0.0008298755186721991 2410
100000000000000000100100 0.9705454545454546 0.026545454545454546 0.0018181818181818182 0.001090909090909091 2750
000010000000101100001000 0.9925719591457753 0.0009285051067780873 0.004642525533890436 0.0018570102135561746 2154
001000000000000000001100 0.9674644727000747 0.031039640987284966 0.0007479431563201197 0.0007479431563201197 2674
001000000000100000000000 0.9819429396894186 0.0 0.01805706031058144 0.0 2769
111000000000101100101100 0.9788825340959085 0.0004399472063352398 0.01935767707875055 0.0013198416190057193 2273
100000000000100000100000 0.9920739762219286 0.001321003963011889 0.00297225891677675 0.003632760898282695 3028
000000000010000000100100 0.9910807974816369 0.004197271773347324 0.0031479538300104933 0.0015739769150052466 1906
000000011000000000001100 0.9885823025689819 0.0028544243577545195 0.005708848715509039 0.0028544243577545195 2102
000000000100100100000000 0.9567723342939481 0.0009606147934678194 0.04226705091258405 0.0 2082
110000000000100000000100 0.9935434865172806 0.0007595898214963919 0.004177744018230156 0.0015191796429927839 2633
111000000000101100000000 0.9933333333333333 0.00044444444444444447 0.005333333333333333 0.0008888888888888889 2250
000000000111000100000100 0.9781312127236581 0.01739562624254473 0.0044731610337972166 0.0 2012
110000000000100100100100 0.9748764415156508 0.0 0.0214168039538715 0.0037067545304777594 2428
000010000000101100100100 0.9777777777777777 0.000462962962962963 0.021296296296296296 0.000462962962962963 2160
000000111000101100101000 0.9727722772277227 0.023267326732673267 0.0019801980198019802 0.0019801980198019802 2020
110000000000100100000000 0.9902085994040017 0.0017028522775649213 0.006385696040868455 0.0017028522775649213 2349
011000000000001000001100 0.9734337827121332 0.0003965107057890563 0.022997620935765267 0.0031720856463124504 2522
000011000000000100000000 0.9861231569817867 0.003469210754553339 0.009540329575021683 0.0008673026886383347 2306
010000000000100100100100 0.9759036144578314 0.0 0.02077274615704196 0.0033236393851267137 2407
010000000000100000100100 0.9765258215962441 0.002347417840375587 0.01917057902973396 0.0019561815336463224 2556
000110000000100100000000 0.9971360381861575 0.0 0.0019093078758949881 0.0009546539379474941 2095
000000000110001000101100 0.9937238493723849 0.0031380753138075313 0.0010460251046025104 0.0020920502092050207 1912
000111000000000100000000 0.9849072876239758 0.00560586459680897 0.009486847779215178 0.0 2319
110000000000100000100100 0.9727595736281089 0.0011843663639952626 0.024871693643900513 0.0011843663639952626 2533
001000000000000000000010 0.5304625199362042 0.0009569377990430622 0.4676236044657097 0.0009569377990430622 3135
000011000000000100000100 0.982646420824295 0.006507592190889371 0.010845986984815618 0.0 2305
101000000000101100000000 0.9744680851063829 0.0010638297872340426 0.02446808510638298 0.0 2820
010000000000101100101100 0.9646381578947368 0.00041118421052631577 0.03248355263157895 0.0024671052631578946 2432
000000101000101000000000 0.9694731659281143 0.0009847365829640572 0.029049729197439686 0.0004923682914820286 2031
010000000000001100001100 0.978758850478967 0.0 0.019158683881715953 0.0020824656393169513 2401
000100000000000000100100 0.9598363703979175 0.03495723317218297 0.004090740052063964 0.0011156563778356265 2689
101000000000101100101100 0.9938760806916427 0.00036023054755043225 0.002521613832853026 0.0032420749279538905 2776
000100000000000000100000 0.9635176651305684 0.03110599078341014 0.0034562211981566822 0.0019201228878648233 2604
011000000000001000000100 0.9914910858995137 0.0032414910858995136 0.003646677471636953 0.0016207455429497568 2468
000000010000000100101000 0.9588209796272215 0.032509752925877766 0.004334633723450368 0.004334633723450368 2307
000000110000000000100100 0.9887218045112782 0.003289473684210526 0.005169172932330827 0.002819548872180451 2128
000000010000000000100100 0.9598942265315117 0.026884089907448214 0.011018069634200088 0.0022036139268400176 2269
000000001000000100000000 0.803 0.0 0.1965 0.0005 2000
000000010000100100100100 0.9770171149144254 0.018581907090464547 0.0024449877750611247 0.0019559902200488996 2045
000000000010001000101100 0.9887640449438202 0.006420545746388443 0.002675227394328518 0.002140181915462814 1869
000110000000101100100100 0.976 0.0 0.024 0.0 2250
000101000000001100001100 0.9976937269372693 0.00046125461254612545 0.0018450184501845018 0.0 2168
000000010000000000001100 0.9559691330004539 0.025873808443032227 0.016795279164775308 0.0013617793917385383 2203
000000001000001100000000 0.966698382492864 0.0009514747859181732 0.03235014272121789 0.0 2102
000000010000001000000000 0.9194139194139194 0.0006105006105006105 0.07997557997557997 0.0 1638
000000100000000000000100 0.7292027729636048 0.2638648180242634 0.004766031195840554 0.002166377816291161 2308
000010000000100100100100 0.9736098020735156 0.001413760603204524 0.024505183788878417 0.000471253534401508 2122
000111000000000100000100 0.986492190797805 0.0059096665259603205 0.007598142676234698 0.0 2369
000000000010100100100100 0.9847411444141689 0.015258855585831062 0.0 0.0 1835
000000000001001000000000 0.48982188295165396 0.0 0.5093299406276506 0.0008481764206955047 2358
111000000000101000000100 0.9952789699570815 0.0008583690987124463 0.002145922746781116 0.0017167381974248926 2330
000000111000000000101100 0.9893617021276596 0.0060790273556231 0.002026342451874367 0.0025329280648429585 1974
111000000000101000101100 0.9822894168466523 0.0 0.016414686825053995 0.0012958963282937365 2315
000000000011000000000100 0.9778225806451613 0.017137096774193547 0.004032258064516129 0.0010080645161290322 1984
011000000000001100000000 0.990990990990991 0.0018018018018018018 0.006306306306306306 0.0009009009009009009 2220
000000100000100100000000 0.9707792207792207 0.0009276437847866419 0.027829313543599257 0.00046382189239332097 2156
000000010000000100000100 0.7075055187637969 0.22130242825607063 0.06677704194260485 0.004415011037527594 1812
000101000000001100000000 0.9982293050022134 0.0004426737494466578 0.0013280212483399733 0.0 2259
000000010000101100101100 0.9760306807286673 0.01725790987535954 0.0009587727708533077 0.005752636625119847 2086
000000000100001100000000 0.9580645161290322 0.0009216589861751152 0.04055299539170507 0.0004608294930875576 2170
000000010000000000000010 0.5418448381185095 0.0006108735491753207 0.4575442883323152 0.0 1637
000000111000101100101100 0.9773982923154194 0.01858362631843295 0.0010045203415369162 0.0030135610246107484 1991
101000000000000000101100 0.979253112033195 0.01991701244813278 0.0008298755186721991 0.0 2410
010000000000000000010100 0.5631419939577039 0.00906344410876133 0.41389728096676737 0.013897280966767372 1655
000000000101000000001100 0.9957894736842106 0.003157894736842105 0.0010526315789473684 0.0 1900
000000110000100100100000 0.9811957569913211 0.015429122468659595 0.0019286403085824494 0.0014464802314368371 2074
000000000101001100001100 0.9984193888303478 0.001053740779768177 0.0005268703898840885 0.0 1898
000000010000001100001100 0.9758382642998028 0.016272189349112426 0.0019723865877712033 0.005917159763313609 2028
010000000000101000000100 0.9562775772162053 0.0020056157240272766 0.03890894504612916 0.002807862013638187 2493
000000000100000000000010 0.5321998969603298 0.0020607934054611026 0.4641937145801133 0.0015455950540958269 1941
000000010000100100100000 0.9723707664884136 0.023618538324420676 0.00267379679144385 0.001336898395721925 2244
101000000000101000101000 0.9940893978574067 0.0003694126339120798 0.0011082379017362395 0.004432951606944958 2707
000000111000000100101000 0.9874434957307886 0.004018081366147665 0.0035158211953792064 0.005022601707684581 1991
000000011000001100001000 0.9791962174940898 0.015602836879432624 0.003309692671394799 0.0018912529550827422 2115
000001000000001100000000 0.9980852082336046 0.0 0.0019147917663954045 0.0 2089
000000000110100100100100 0.9809056192034915 0.01691216584833606 0.0010911074740861974 0.0010911074740861974 1833
000000000100000000010000 0.5332397003745318 0.008426966292134831 0.45739700374531833 0.0009363295880149813 2136
000000000010100100101100 0.985569214323891 0.012827365045430252 0.0010689470871191875 0.0005344735435595938 1871
000000000010000000010000 0.5165936130244208 0.0006261740763932373 0.482780212899186 0.0 1597
000000001000000000010000 0.5527192008879024 0.0011098779134295228 0.44617092119866814 0.0 1802
000000010000101100101000 0.9788593903638152 0.014749262536873156 0.0024582104228121925 0.003933136676499509 2034
000000011000001100001100 0.9761549925484352 0.018877297565822158 0.0014903129657228018 0.003477396920019871 2013
000000000001000000001100 0.9912053802379721 0.007759958613554061 0.0010346611484738748 0.0 1933
000000110000100100100100 0.971007371007371 0.025552825552825554 0.0009828009828009828 0.002457002457002457 2035
000000001000000000000100 0.7231516459794927 0.26821370750134915 0.0037776578521316784 0.004856988667026443 1853
001000000000000000100000 0.9740207833733013 0.02158273381294964 0.0031974420463629096 0.001199040767386091 2502
000000010000000000000100 0.7026455026455026 0.2216931216931217 0.07089947089947089 0.004761904761904762 1890
010000000000101100000000 0.9532710280373832 0.0 0.045029736618521665 0.0016992353440951572 2354
010000000000000100000000 0.7608034083992696 0.05842970176506391 0.17650639074863056 0.00426049908703591 1643
000000100000000000000010 0.5210339584389255 0.0005068423720223011 0.4769386720729853 0.0015205271160669033 1973
001000000000010000000100 0.012355212355212355 0.9837837837837838 0.0 0.003861003861003861 1295
000000101000101100000000 0.9746268656716418 0.0014925373134328358 0.023880597014925373 0.0 2010
000010000000100100000000 0.9914974019839395 0.001889466225791214 0.006140765233821445 0.0004723665564478035 2117
000001000000001100001100 0.9976819656930923 0.0 0.0023180343069077423 0.0 2157
000000010000001100001000 0.9781191806331471 0.015828677839851025 0.0037243947858473 0.0023277467411545625 2148
000000000111000000000100 0.9856410256410256 0.012307692307692308 0.0015384615384615385 0.0005128205128205128 1950
000000000011000100000100 0.981425702811245 0.014558232931726908 0.004016064257028112 0.0 1992
000000000100101100000000 0.9538083538083538 0.0 0.046191646191646195 0.0 2035
100000000000000000001000 0.9709938183547313 0.02282453637660485 0.004755111745126011 0.0014265335235378032 2103
000000100000001000000000 0.9768339768339769 0.0 0.023166023166023165 0.0 1813
000000000001001100000100 0.7621247113163973 0.2294072363356428 0.005388760585065435 0.003079291762894534 1299
010000000000100000000000 0.8939393939393939 0.051834130781499205 0.050239234449760764 0.003987240829346092 1254
000000000010000100000000 0.853126792885829 0.0 0.14687320711417096 0.0 1743
010000000000000000010000 0.5507246376811594 0.010081915563957152 0.428481411468179 0.010712035286704474 1587
000000000100001000000000 0.8321951219512195 0.0004878048780487805 0.16731707317073172 0.0 2050
000000010000000000100000 0.8797564687975646 0.05098934550989345 0.0654490106544901 0.00380517503805175 1314
000000000010100000000000 0.9209993247805537 0.0006752194463200541 0.07832545577312626 0.0 1481
000000011000000100001000 0.9907407407407407 0.005555555555555556 0.0023148148148148147 0.001388888888888889 2160
000000010000000100010000 0.5492957746478874 0.0021668472372697724 0.44799566630552545 0.0005417118093174431 1846
000010000000000000001001 0.9787460148777896 0.015940488841657812 0.005313496280552604 0.0 941
000000000001000000010000 0.5404971932638332 0.0016038492381716118 0.4570970328789094 0.0008019246190858059 1247
000000010000000000010000 0.5477386934673367 0.0011166945840312675 0.45114461194863203 0.0 1791
000000000110000000100100 0.993421052631579 0.003837719298245614 0.0021929824561403508 0.0005482456140350877 1824
000010000000001000001000 0.9195837275307474 0.059602649006622516 0.020813623462630087 0.0 1057
000010000000000100001000 0.882307092751364 0.013250194855806703 0.10132501948558068 0.003117692907248636 1283
000000000100000000000001 0.9913739987677141 0.0036968576709796672 0.004929143561306223 0.0 1623
000000000010000000000010 0.5538684020245842 0.0 0.44613159797541574 0.0 1383
000100000000000001001100 0.9977298524404086 0.0 0.0011350737797956867 0.0011350737797956867 881
010000000000000000000010 0.4488044144696505 0.10116492949110975 0.3543838136112814 0.0956468424279583 1631
000010000000000100000000 0.8635294117647059 0.01411764705882353 0.1192156862745098 0.003137254901960784 1275
000000100000000000000001 0.9935316946959897 0.0 0.00646830530401035 0.0 1546
000010000000000000001100 0.8053935860058309 0.18877551020408162 0.002186588921282799 0.0036443148688046646 1372
000000010000000000101100 0.9436038514442916 0.040806969280146724 0.013755158184319119 0.0018340210912425492 2181
000000000001001100001100 0.9950641658440277 0.0034550839091806516 0.0004935834155972359 0.0009871668311944718 2026
000001000000000000001000 0.5120994113799869 0.48266841072596467 0.002616088947024199 0.002616088947024199 1529
000100000000010000000100 0.030736240171551108 0.9621157969978557 0.0035739814152966403 0.0035739814152966403 1399
010000000000001000000000 0.893666927286943 0.04769351055512119 0.05551211884284597 0.003127443315089914 1279
000000000010000000000100 0.7574257425742574 0.22065063649222066 0.018387553041018388 0.003536067892503536 1414
000000000100000000100000 0.9013317191283293 0.08958837772397095 0.006053268765133172 0.003026634382566586 1652
000000010000100000000000 0.9187725631768953 0.0 0.0812274368231047 0.0 1662
000000000010000000000001 0.9750462107208873 0.0 0.024953789279112754 0.0 1082
000000001000100000000000 0.9788359788359788 0.0 0.021164021164021163 0.0 1512
000000000010001000010000 0.539776462853386 0.0 0.46022353714661407 0.0 1521
000000010000000000000001 0.9817629179331308 0.0 0.017477203647416412 0.0007598784194528875 1316
000010000000000000000100 0.7737024221453287 0.21660899653979238 0.006228373702422145 0.0034602076124567475 1445
000000000001100000000000 0.9003350083752094 0.0 0.09966499162479062 0.0 1194
010000000000000000000110 0.4349442379182156 0.10842627013630732 0.3655514250309789 0.09107806691449814 1614
000000000010001100000000 0.89179548156956 0.0017835909631391202 0.10642092746730084 0.0 1682
000010000000000000010000 0.4573643410852713 0.07822410147991543 0.4164904862579281 0.04792107117688513 1419
000000010000000100000001 0.984375 0.0015625 0.0140625 0.0 1280
000001000000000000010000 0.5642722117202268 0.004725897920604915 0.43005671077504726 0.000945179584120983 1058
010000000000000000001000 0.8788927335640139 0.11418685121107267 0.005190311418685121 0.0017301038062283738 1156
000001000000000100001100 0.8330188679245283 0.0047169811320754715 0.16037735849056603 0.0018867924528301887 1060
000000001000000000000010 0.5486618004866181 0.0006082725060827251 0.45072992700729925 0.0 1644
000000000010001000000100 0.775 0.20067567567567568 0.018243243243243244 0.006081081081081081 1480
000010000000000000001010 0.5599284436493739 0.004472271914132379 0.43112701252236135 0.004472271914132379 1118
000000000010101000000000 0.9789855072463768 0.0 0.020289855072463767 0.0007246376811594203 1380
100000000000010000000000 0.9798657718120806 0.01761744966442953 0.0008389261744966443 0.0016778523489932886 1192
000000000001001100010000 0.5233570863024545 0.000791765637371338 0.4750593824228028 0.000791765637371338 1263
000000001000000000000001 0.9961240310077519 0.0015503875968992248 0.002325581395348837 0.0 1290
000000000100000000001000 0.8818791946308725 0.10939597315436242 0.004026845637583893 0.004697986577181208 1490
000000010000000100000010 0.5147651006711409 0.0020134228187919465 0.4825503355704698 0.0006711409395973154 1490
001000000000000001001100 0.9967177242888403 0.0032822757111597373 0.0 0.0 914
000001000000000100000000 0.8297297297297297 0.0045045045045045045 0.16576576576576577 0.0 1110
000000000010000000001000 0.8695652173913043 0.027300303336703743 0.10212335692618807 0.0010111223458038423 989
000000000001000000000100 0.7783094098883573 0.21291866028708134 0.004784688995215311 0.003987240829346092 1254
000000000001000000000010 0.5123739688359303 0.0 0.48762603116406966 0.0 1091
000000000110100100101100 0.983680360157569 0.014631401238041642 0.0016882386043894203 0.0 1777
000000100000000000001000 0.9343657817109144 0.0612094395280236 0.003687315634218289 0.0007374631268436578 1356
000010000000000000000001 0.9766702014846236 0.013785790031813362 0.008483563096500531 0.0010604453870625664 943
000000001000000000100000 0.9424307036247335 0.051883439943141436 0.004975124378109453 0.0007107320540156361 1407
001000000000000010001000 0.028462998102466792 0.9715370018975332 0.0 0.0 1054
000010000000001000000000 0.9044585987261147 0.08007279344858963 0.01364877161055505 0.0018198362147406734 1099
010000000000000000100000 0.8944050433412135 0.10007880220646179 0.005516154452324665 0.0 1269
000010000000000000101000 0.9682675814751286 0.024871355060034305 0.005145797598627788 0.0017152658662092624 1166
000001000000000000000100 0.5186799501867995 0.47696139476961397 0.0024906600249066002 0.0018679950186799503 1606
000000000001101100000000 0.08818181818181818 0.0 0.9118181818181819 0.0 1100
000010000000000000000010 0.489120151371807 0.015137180700094607 0.4853358561967833 0.010406811731315043 1057
000000000010001000000001 0.9902048085485308 0.0 0.009795191451469279 0.0 1123
010000000000010000000100 0.9817629179331308 0.016210739614994935 0.002026342451874367 0.0 987
000000000010001000000010 0.5342679127725857 0.0 0.4649532710280374 0.000778816199376947 1284
000010000000100000001000 0.9625390218522373 0.01768990634755463 0.015608740894901144 0.004162330905306972 961
000100000000000010000000 0.9795191451469278 0.016028495102404273 0.003561887800534283 0.0008904719501335708 1123
000000000001001100000010 0.5308755760368664 0.0 0.46912442396313364 0.0 1085
010000000000000000000001 0.8955223880597015 0.09583660644147683 0.0054988216810683424 0.003142183817753339 1273
000100000000000000000110 0.47557603686635946 0.14285714285714285 0.3327188940092166 0.04884792626728111 1085
000001000000000000000001 0.9935064935064936 0.0025974025974025974 0.003896103896103896 0.0 770
100000000000000000110000 0.5473340587595212 0.01632208922742111 0.43307943416757344 0.003264417845484222 919
000000000001000000100000 0.9663512092534174 0.023133543638275498 0.010515247108307046 0.0 951
100000000000000000000110 0.44813278008298757 0.14730290456431536 0.3537344398340249 0.0508298755186722 964
000100000000000010001000 0.01694915254237288 0.9812667261373773 0.0 0.001784121320249777 1121
000000010000010100000100 0.019886363636363636 0.953125 0.004261363636363636 0.022727272727272728 704
100000000000000001001100 1.0 0.0 0.0 0.0 876
000000100000000000101000 0.7949852507374632 0.18289085545722714 0.016224188790560472 0.0058997050147492625 678
000000010000000000001000 0.8781725888324873 0.0676818950930626 0.051607445008460234 0.0025380710659898475 1182
100000000000010000000100 0.015637860082304528 0.9835390946502057 0.0 0.0008230452674897119 1215
000000000010011000000000 0.760061919504644 0.015479876160990712 0.22291021671826625 0.0015479876160990713 646
010000000000000000000101 0.9043693322341303 0.08821104699093157 0.005770816158285243 0.0016488046166529267 1213
000000000100100000000000 0.9555555555555556 0.001084010840108401 0.042818428184281845 0.0005420054200542005 1845
000000000100010000000100 0.08244994110718493 0.9081272084805654 0.007067137809187279 0.002355712603062426 849
000000000001001100001000 0.927860696517413 0.06343283582089553 0.006218905472636816 0.0024875621890547263 804
000000010000010100000000 0.9574155653450808 0.01908957415565345 0.020558002936857563 0.002936857562408223 681
010000000000010000000000 0.9805258033106135 0.013631937682570594 0.005842259006815969 0.0 1027
000000000010001000001000 0.8633540372670807 0.025879917184265012 0.10766045548654245 0.003105590062111801 966
000010000000000000011000 0.4503925767309065 0.07423269093504639 0.4161313347608851 0.05924339757316203 1401
000010000000000000100000 0.9202603742880391 0.07404393816110659 0.004882017900732303 0.0008136696501220504 1229
000001000000001000000000 0.9170212765957447 0.0 0.08297872340425531 0.0 940
000000001000000010000000 0.898360655737705 0.09344262295081968 0.00819672131147541 0.0 610
100000000000000010001000 0.013257575757575758 0.9839015151515151 0.0 0.002840909090909091 1056
000000000010000000100000 0.9403122130394858 0.03764921946740129 0.021120293847566574 0.0009182736455463728 1089
100000000000000001000000 0.9988262910798122 0.0011737089201877935 0.0 0.0 852
000100000000010000000000 0.960337552742616 0.035443037974683546 0.004219409282700422 0.0 1185
100000000000000000101000 0.9101382488479263 0.08179723502304148 0.0034562211981566822 0.004608294930875576 868
000000000001001100100000 0.9746568109820486 0.02006335797254488 0.0010559662090813093 0.004223864836325237 947
001000000000010000000000 0.9732381801962533 0.02230151650312221 0.0026761819803746653 0.001784121320249777 1121
000010000000100000000000 0.9294117647058824 0.0196078431372549 0.050980392156862744 0.0 1020
000001000000100000000000 0.979874213836478 0.0 0.02012578616352201 0.0 795
100000000000110000000100 0.016786570743405275 0.9640287769784173 0.0 0.019184652278177457 417
010000000000000010001100 0.11134903640256959 0.8886509635974305 0.0 0.0 467
000001000000000000001101 0.9903846153846154 0.0 0.009615384615384616 0.0 728
000000000001000000000001 0.9853862212943633 0.0020876826722338203 0.012526096033402923 0.0 958
010000000000000100000100 0.8372413793103448 0.04896551724137931 0.10689655172413794 0.006896551724137931 1450
100000000000000010000000 0.9890438247011952 0.0099601593625498 0.0 0.00099601593625498 1004
000001000000000000100000 0.8102564102564103 0.18717948717948718 0.002564102564102564 0.0 780
000000010000000101000000 0.868421052631579 0.0018796992481203006 0.12969924812030076 0.0 532
001000000000000000110000 0.5426267281105991 0.016129032258064516 0.43663594470046085 0.004608294930875576 868
000100000000000000101000 0.8716452742123687 0.10968494749124855 0.012835472578763127 0.005834305717619603 857
001000000000000000000110 0.45564516129032256 0.1461693548387097 0.34475806451612906 0.05342741935483871 992
000000100000000010001000 0.008670520231213872 0.9898843930635838 0.0 0.001445086705202312 692
000000000100000000000110 0.5217983651226158 0.11171662125340599 0.31743869209809267 0.04904632152588556 734
000001000000001000001100 0.9384965831435079 0.0 0.06150341685649203 0.0 878
000000000010010000000100 0.01658374792703151 0.8557213930348259 0.009950248756218905 0.11774461028192372 603
001000000000000000101000 0.9080841638981174 0.08084163898117387 0.006644518272425249 0.004429678848283499 903
000000010000000110001000 0.03293413173652695 0.7709580838323353 0.0 0.19610778443113772 668
000000000010001000100000 0.9582929194956353 0.013579049466537343 0.023278370514064017 0.004849660523763337 1031
000000100000000000000101 0.7282608695652174 0.2717391304347826 0.0 0.0 276
000000001000010000000100 0.01676829268292683 0.9801829268292683 0.001524390243902439 0.001524390243902439 656
000000010000010000000000 0.9582637729549248 0.018363939899833055 0.02337228714524207 0.0 599
001000000000000010000000 0.9634831460674157 0.033707865168539325 0.0009363295880149813 0.0018726591760299626 1068
000010000000010000001100 0.14666666666666667 0.8495238095238096 0.0019047619047619048 0.0019047619047619048 525
010000000000000010000000 0.9673659673659674 0.03263403263403263 0.0 0.0 429
000000000001001100000001 0.9968586387434555 0.0 0.0031413612565445027 0.0 955
000001000000000000011100 0.5332640332640333 0.007276507276507277 0.4584199584199584 0.0010395010395010396 962
000010000000000010000000 0.9817158931082982 0.016877637130801686 0.0014064697609001407 0.0 711
000000010000000110000000 0.7477477477477478 0.02252252252252252 0.22522522522522523 0.0045045045045045045 666
000000010000000010000000 0.7696629213483146 0.012640449438202247 0.21067415730337077 0.007022471910112359 712
000100000000000000110000 0.5487122060470325 0.011198208286674132 0.4311310190369541 0.008958566629339306 893
000000100000000000110000 0.5463347164591977 0.013831258644536652 0.42738589211618255 0.012448132780082987 723
000000100000010000000100 0.020188425302826378 0.9784656796769852 0.0 0.0013458950201884253 743
010000000000000000101000 0.7742448330683624 0.20985691573926868 0.009538950715421303 0.006359300476947536 629
000000001000000000110000 0.5410821643286573 0.036072144288577156 0.39879759519038077 0.02404809619238477 499
000000000011001100000000 0.8138138138138138 0.0045045045045045045 0.1816816816816817 0.0 666
000001000000000000000010 0.5222857142857142 0.0 0.4765714285714286 0.001142857142857143 875
000001000000000000001110 0.5193621867881549 0.0 0.4783599088838269 0.002277904328018223 878
000000000100000000101000 0.7347611202635914 0.25370675453047775 0.0032948929159802307 0.008237232289950576 607
