000000000000000000000000 0.9995546355960414 2.976411323036779e-05 0.0004054503166311852 1.0149974096991781e-05 7290659
000001000000000000000000 0.9995230245852769 6.312909900747027e-05 0.00041384631571563847 0.0 142565
010000000000000000000000 0.9993984521145876 0.00010270329750944504 0.0004768367384367091 2.200784946630965e-05 136315
000100000000000000000000 0.9993076570023882 0.0002178157745295568 0.0004511898186683677 2.333740441388109e-05 128549
000000100000000000000000 0.9992736170050083 0.00024212766499726013 0.000471511768678875 1.274356131564527e-05 78471
000000000010000000000000 0.9995308609303388 8.420444840071694e-05 0.000360876207431644 2.405841382877627e-05 83131
000000001000000000000000 0.9988071943603077 0.0006299085962419921 0.0005494947328919506 1.3402310558340257e-05 74614
000000000001000000000000 0.9791049555680089 0.0 0.020879032903690656 1.601152830037627e-05 62455
000000000001000100000000 0.9782542603408273 1.600128010240819e-05 0.021713737098967918 1.600128010240819e-05 62495
000000010000000000000000 0.9783651836618682 0.00016719332564244036 0.021434184347360854 3.343866512848807e-05 59811
000000010000000100000000 0.9774085360663273 0.0001532201773949165 0.02242121929212278 1.7024464154990723e-05 58739
000000000100000000000000 0.9772391841670075 0.00017781887369525403 0.022565215071927734 1.7781887369525402e-05 56237
000000000100010000000000 0.9778446977844698 0.00010755001075500108 0.02204775220477522 0.0 55788
000010000000000000000000 0.9821768298788425 0.017322519275057575 0.0004605987784119355 4.005206768799439e-05 49935
000010000000000000001000 0.984062312762133 0.015418414220091872 0.0004993009786299181 1.9972039145196725e-05 50070
100000000000000000000000 0.9830138366892729 0.01646125097108783 0.0004199298717114242 0.00010498246792785605 47627
001000000000000000100000 0.9817738617049826 0.01771178101798014 0.0003578137579389928 0.00015654351909830932 44716
100000000000000000001000 0.9830140566057617 0.016269414764704643 0.0006954542580767529 2.10743714568713e-05 47451
001000000000000000000000 0.9819408612820004 0.017287380653127824 0.000727657604021962 4.4100460849815884e-05 45351
000011000000000000001000 0.9827237759958276 0.016885064215398655 0.00039115978877371407 0.0 15339
110000000000000000000000 0.9825276243093922 0.016781767955801104 0.0006215469613259668 6.906077348066299e-05 14480
000011000000000000000000 0.9843895310216554 0.01514547628537266 0.00039856516540454366 6.642752756742394e-05 15054
000000000011000100000000 0.9794122149089239 0.00015306903413439462 0.02043471605694168 0.0 13066
110000000000000000001000 0.9840345347403042 0.015485816088803618 0.0002740852405097985 0.0002055639303823489 14594
000000110000000100000000 0.9767044066139936 0.0002443593711818848 0.02305123401482447 0.0 12277
001100000000000000100000 0.979812068712377 0.019160182058434883 0.0008075172515049186 0.0002202319776831596 13622
001100000000000000000000 0.9803750545137374 0.01868004070359064 0.0009449047826718999 0.0 13758
000000001100010000000000 0.9785139530902243 0.0005992124636192433 0.020801232665639446 8.560178051703475e-05 11682
000000000011000000000000 0.9764875970171968 7.609191903819814e-05 0.02343631106376503 0.0 13142
000000110000000000000000 0.9801480758278415 0.000244081034903588 0.01952648279228704 8.136034496786266e-05 12291
000000001100000000000000 0.9753330468414267 0.0009454232917920069 0.023721529866781263 0.0 11635
000000000010000000101010 0.9727891156462585 0.026389866291344124 0.0005864414731409805 0.0002345765892563922 8526
000000000010000000100010 0.9660507736217515 0.03304791948325071 0.0006008712633318312 0.0003004356316659156 6657
000000000010000000001010 0.9614509030201852 0.03627257550462893 0.001669449081803005 0.0006070723933829109 6589
000000100000000000101000 0.9486223662884927 0.050243111831442464 0.00113452188006483 0.0 6170
000000001000000000001000 0.8206771860618014 0.1760355029585799 0.0026298487836949377 0.0006574621959237344 6084
000000010000010000000000 0.9600150178336775 0.0011263375258119017 0.03867092171954196 0.00018772292096865028 5327
000001000000000001000000 0.976822363765039 0.00017692852087756547 0.022823779193205943 0.00017692852087756547 5652
000100000000000100000000 0.9032551372976905 0.0012729587197672304 0.09510820149118021 0.0003637024913620658 5499
000000000010000000000010 0.9541503323674791 0.04397477416055906 0.0013635588886995057 0.0005113345832623146 5867
000010000000000000001010 0.9936090892952246 0.004970708325936446 0.0008876264867743654 0.0005325758920646192 5633
010000000000010101000000 0.9659934047815334 0.00020610057708161583 0.03359439406430338 0.00020610057708161583 4852
000000100000000000100000 0.8923902111967817 0.10576600737512572 0.0015085484411666108 0.00033523298692591353 5966
010000000000010000000000 0.9419634445072546 0.0007537214999057848 0.0570944036178632 0.0001884303749764462 5307
000000000001000101000000 0.9943523410457278 0.00036436509382401167 0.005283293860448169 0.0 5489
000011000000000000001010 0.9959831675592961 0.0022953328232593728 0.0013389441469013007 0.00038255547054322876 5228
000000000100000100000000 0.948828125 0.002734375 0.0484375 0.0 5120
000000100000010000100000 0.9866666666666667 0.004606060606060606 0.0026666666666666666 0.006060606060606061 4125
010000000000000000100000 0.9362219072686778 0.059728690018222313 0.003239522170479854 0.0008098805426199635 4939
001000000000000000001000 0.9391614629794826 0.057091882247992866 0.0026761819803746653 0.0010704727921498661 5605
000100000000010100000000 0.9486463257412978 0.0017189514396218307 0.04963472281908036 0.0 4654
000100000000000000001000 0.8680154142581888 0.12851637764932564 0.002890173410404624 0.0005780346820809249 5190
000000010000010001000000 0.9747838616714697 0.0 0.024975984630163303 0.00024015369836695484 4164
000011000000000000100010 0.9965440130107746 0.002642813579995934 0.0008131734092295182 0.0 4919
110000000000000000100000 0.9735139506672058 0.024464213505863325 0.0016174686615446825 0.0004043671653861706 4946
000001000000000000000010 0.9746050789842031 0.022595480903819236 0.0023995200959808036 0.0003999200159968006 5001
001100000000000000001010 0.9804952881875959 0.017532325224632918 0.0015340784571553803 0.00043830813061582295 4563
100000000000000000100000 0.9565681737273051 0.041651833392666426 0.001245995016019936 0.000533997864008544 5618
000000000011000101000000 0.9972942502818489 0.0 0.002705749718151071 0.0 4435
100000000000000000100010 0.9805566925910766 0.01739664347114204 0.001637331150225133 0.00040933278755628325 4886
000100000000010101101010 0.9945042363178384 0.0006869704602702084 0.0009159606136936112 0.0038928326081978477 4367
000100000000010101000000 0.9616450031962497 0.00021308331557639036 0.03792883017259749 0.00021308331557639036 4693
000000000010010101101010 0.9944511459589868 0.0004825090470446321 0.0024125452352231603 0.0026537997587454767 4145
000000100000000000100010 0.9603607880370283 0.03726560645620698 0.001661523854735343 0.0007120816520294327 4213
010000000000010001100010 0.9956521739130435 0.0002173913043478261 0.0015217391304347826 0.0026086956521739132 4600
000010000000000000100010 0.9942138866719872 0.0045889864325618515 0.0011971268954509178 0.0 5012
001000000000000000001010 0.9813852813852814 0.01774891774891775 0.0008658008658008658 0.0 4620
000000100000010001100010 0.9953869810353665 0.00025627883136852895 0.0012813941568426447 0.0030753459764223477 3902
010000000000010101101010 0.9964835164835165 0.0008791208791208791 0.0008791208791208791 0.0017582417582417582 4550
001100000000000000001000 0.9697421691881526 0.02834008097165992 0.0017046665246111229 0.00021308331557639036 4693
000000000100000101000000 0.9764614588722194 0.0 0.02353854112778065 0.0 3866
000000000010010001100010 0.9927113702623906 0.0009718172983479105 0.0014577259475218659 0.004859086491739553 4116
000000001000000000001010 0.9659119183876587 0.0323463548146305 0.0017417267977108733 0.0 4019
000000001000000100000000 0.9223708366115919 0.004720692368214005 0.07264621033307107 0.00026226068712300026 3813
000100000000000101000000 0.9645758122743683 0.0002256317689530686 0.03497292418772563 0.0002256317689530686 4432
000000100000010101101010 0.9966954753431622 0.0 0.001525165226232842 0.0017793594306049821 3934
110000000000000000100010 0.9830544376191485 0.01609828426180894 0.0006354585892819318 0.00021181952976064393 4721
000000001000000000101000 0.9344793223716991 0.06278026905829596 0.001993024414549078 0.0007473841554559044 4014
000000000010000001000010 0.9908235294117647 0.001411764705882353 0.001176470588235294 0.006588235294117647 4250
000100000000000101001010 0.9958236658932714 0.0 0.0009280742459396752 0.0032482598607888632 4310
000000001100000100000000 0.9701230228471002 0.0025106703489831783 0.02686417273412001 0.0005021340697966357 3983
000000001000000100001000 0.978958172953554 0.007698229407236336 0.00359250705671029 0.009751090582499358 3897
000000000001010001000000 0.9967749366505414 0.0 0.00322506334945865 0.0 4341
000000000011010001000000 0.9968906960057402 0.00023917723032767282 0.0028701267639320736 0.0 4181
000000000010000101001010 0.9949887246304184 0.0007516913054372337 0.0005011275369581559 0.0037584565271861687 3991
010000000000010001000000 0.968049090139653 0.0006347862886161659 0.03131612357173085 0.0 4726
000000110000010000000000 0.9778249587166785 0.0023590469450342063 0.019815994338287332 0.0 4239
000100000000010100101000 0.9941454627336186 0.0015762215717180816 0.0009006980409817609 0.003377617653681603 4441
000000001000010100101000 0.9927048260381593 0.001122334455667789 0.001964085297418631 0.004208754208754209 3564
000001000000010000000000 0.9427932246724193 0.0 0.0572067753275807 0.0 3129
000000110000010001000000 0.9749561733032808 0.00025043826696719256 0.024542950162784873 0.00025043826696719256 3993
000000100000010000000000 0.9567901234567902 0.0024154589371980675 0.040257648953301126 0.0005367686527106817 3726
000000001000000101001010 0.9930958298812482 0.0008285004142502071 0.0008285004142502071 0.005247169290251312 3621
000000100000010100101000 0.9921479229989868 0.0005065856129685917 0.0022796352583586625 0.005065856129685917 3948
000001000000000000100000 0.8944852941176471 0.10147058823529412 0.0022058823529411764 0.001838235294117647 2720
010000000000000000000001 0.5318744053282588 0.002537266095781795 0.4643196955280685 0.0012686330478908975 3153
000000100000000000101010 0.9495283018867925 0.04764150943396227 0.0021226415094339622 0.0007075471698113207 4240
000001000000000100000000 0.8890855457227138 0.0008849557522123894 0.10973451327433628 0.0002949852507374631 3390
000000001000010101101010 0.994447529150472 0.000277623542476402 0.001665741254858412 0.003609106052193226 3602
000000001100000101000000 0.9813915857605178 0.0 0.018338727076591153 0.00026968716289104636 3708
000000001000000000101010 0.9607741935483871 0.03767741935483871 0.0012903225806451613 0.00025806451612903227 3875
100000000000010000000000 0.9651474530831099 0.0038725052129877867 0.028596961572832886 0.002383080131069407 3357
000010000000000001001000 0.9859313449634215 0.005346088913899831 0.006752954417557681 0.0019696117051209903 3554
000000000010000001000000 0.975885455915599 0.0 0.023863350916855063 0.00025119316754584274 3981
000001000000000000000100 0.5513264129181085 0.0005767012687427913 0.4472318339100346 0.0008650519031141869 3468
000001000000000000000001 0.5347918565785476 0.0006077180188392585 0.46429656639319355 0.00030385900941962927 3291
001000000000000100001000 0.9512195121951219 0.0065040650406504065 0.03861788617886179 0.003658536585365854 2460
010000000000000000010000 0.5745283018867925 0.0025157232704402514 0.42232704402515725 0.0006289308176100629 3180
000100000000010000000000 0.9209893507385778 0.00034352456200618345 0.078667124699416 0.0 2911
010000000000000000101000 0.888422525358517 0.10703043022035677 0.0031479538300104933 0.0013990905911157748 2859
000001000000000000001000 0.723969465648855 0.27053435114503815 0.0033587786259541984 0.002137404580152672 3275
001000000000000100000000 0.9394688079061149 0.0077208153180975915 0.0509573810994441 0.0018529956763434219 3238
000000010000000000100000 0.9407383419689119 0.0469559585492228 0.007448186528497409 0.0048575129533678756 3088
010000000000000000000100 0.5522475189725627 0.0014594279042615295 0.4454173963806188 0.0008756567425569177 3426
000100000000000001000000 0.9534013605442176 0.0 0.04625850340136054 0.0003401360544217687 2940
000000000010000100000000 0.7857459052678176 0.0008853474988933156 0.21248339973439576 0.0008853474988933156 2259
100000000000010100001000 0.9611204013377926 0.0020903010033444815 0.036371237458193977 0.0004180602006688963 2392
010000000000000000001000 0.7371815543373106 0.2570138664946791 0.00419219606578523 0.0016123831022250886 3101
000100000000000000010000 0.5499669093315684 0.001985440105890139 0.44771674387822635 0.00033090668431502316 3022
000001000000000000010000 0.566949897450923 0.001464986815118664 0.4312921183709347 0.0002929973630237328 3413
000001000000000000101010 0.9662063953488372 0.03197674418604651 0.0014534883720930232 0.0003633720930232558 2752
000001000000000001000010 0.9915316642120766 0.0029455081001472753 0.0033136966126656848 0.0022091310751104565 2716
000000000100000000001000 0.8959948320413437 0.09011627906976744 0.007428940568475452 0.006459948320413436 3096
010000000000000100000000 0.8897081413210446 0.0 0.10967741935483871 0.0006144393241167435 3255
000011000000000001001010 0.978013646702047 0.000758150113722517 0.02084912812736922 0.0003790750568612585 2638
010000000000000000101010 0.962129733783277 0.03637045369328834 0.0014998125234345708 0.0 2667
000010000000010001000000 0.997119341563786 0.0008230452674897119 0.0012345679012345679 0.0008230452674897119 2430
000000000001000100000010 0.9837631327602674 0.004775549188156638 0.009232728430436167 0.002228589621139764 3141
000010000000000101001010 0.972940226171244 0.0020193861066235864 0.02382875605815832 0.0012116316639741518 2476
000000001000010100000000 0.9316914498141264 0.004646840148698885 0.06366171003717472 0.0 2152
000001000000000000100010 0.9633286318758815 0.03561354019746121 0.0010578279266572638 0.0 2836
000000000100010000101010 0.9728622631848438 0.015360983102918587 0.00819252432155658 0.0035842293906810036 1953
000011000000010101001000 0.9941787941787942 0.0004158004158004158 0.0037422037422037424 0.0016632016632016633 2405
000011000000010101100010 0.972302604381976 0.0 0.02728400165357586 0.00041339396444811904 2419
000100000000000000000100 0.5537390251286709 0.0018165304268846503 0.44293066908870726 0.0015137753557372085 3303
110000000000010100100000 0.974793568013907 0.003042155584528466 0.019991308126901346 0.0021729682746631897 2301
000000000001000100101010 0.9787786920744911 0.0073624945864010395 0.0129926375054136 0.0008661758336942399 2309
000100000000000000000001 0.5244025580612588 0.0010097610232245036 0.47425109390777515 0.0003365870077415012 2971
001000000000010101100000 0.973080317740512 0.00088261253309797 0.02383053839364519 0.002206531332744925 2266
000010000000000001001010 0.973415877640204 0.0010924981791697013 0.024763292061179897 0.0007283321194464676 2746
000011000000000001001000 0.9944050727340544 0.0011189854531891085 0.004475941812756434 0.0 2681
000001000000000101001010 0.9971440228478172 0.0012239902080783353 0.0 0.0016319869441044472 2451
000001000000010001000000 0.9575489110372831 0.00036913990402362494 0.04171280915466962 0.00036913990402362494 2709
000000000001000101000010 0.9777292576419214 0.019650655021834062 0.002183406113537118 0.0004366812227074236 2290
100000000000010001000000 0.976381273724167 0.00042176296921130323 0.021931674398987768 0.0012652889076339097 2371
110000000000010000000000 0.9743404409107337 0.0014456089627755693 0.022768341163715216 0.0014456089627755693 2767
000000000011000100000010 0.9924843423799582 0.0037578288100208767 0.0016701461377870565 0.0020876826722338203 2395
000100000000000000101000 0.899042004421518 0.09432571849668386 0.002579218865143699 0.0040530582166543845 2714
000000001100000100101000 0.9700315457413249 0.02103049421661409 0.0057833859095688745 0.0031545741324921135 1902
000011000000000101001010 0.981651376146789 0.0 0.017949740725967292 0.00039888312724371757 2507
000000001100000101101010 0.9783666846944294 0.0167658193618172 0.004326663061114116 0.0005408328826392645 1849
001000000000010100001000 0.9709432275368798 0.003576218149307108 0.023692445239159587 0.001788109074653554 2237
110000000000010100001000 0.9672917575228958 0.0026166593981683385 0.027911033580462277 0.002180549498473615 2293
010000000000000001000000 0.9606943989518506 0.0 0.038978054372748115 0.00032754667540124465 3053
100000000000010100100000 0.9725010912265386 0.002182453077258839 0.022697512003491925 0.0026189436927106066 2291
000000100000000000001000 0.7387732749178533 0.25410733844468786 0.004381161007667032 0.002738225629791895 1826
110000000000010101100010 0.9744136460554371 0.0 0.024733475479744138 0.0008528784648187633 2345
000100000000000000000010 0.9601629696695337 0.033499320959710276 0.004526935264825713 0.0018107741059302852 2209
000000010000010000101000 0.9717348927875243 0.02046783625730994 0.0024366471734892786 0.005360623781676413 2052
000100000000000000100000 0.8338368580060423 0.1608761329305136 0.0030211480362537764 0.0022658610271903325 2648
000100000000000000101010 0.9602446483180428 0.03746177370030581 0.0022935779816513763 0.0 2616
000001000000010101000000 0.958893584325778 0.0 0.040722243565117174 0.000384172109104879 2603
000000100000000000010000 0.5605824232969319 0.003640145605824233 0.43473738949557983 0.0010400416016640667 1923
000000010000010001100010 0.9781368821292775 0.016634980988593156 0.002376425855513308 0.0028517110266159697 2104
110000000000010001000000 0.9794256322331761 0.0 0.020574367766823833 0.0 2333
000000000011010001101010 0.9820923656927427 0.015080113100848256 0.000471253534401508 0.00235626767200754 2122
000000100000010101000000 0.9534450651769087 0.0 0.04655493482309125 0.0 2148
000000000001000101001010 0.9794584500466853 0.01727357609710551 0.002334267040149393 0.0009337068160597573 2142
000000000100000000001010 0.975 0.020098039215686276 0.003431372549019608 0.0014705882352941176 2040
000011000000000101000000 0.9955591441259588 0.0 0.0036334275333064193 0.0008074283407347598 2477
000000010000000100101000 0.9239713774597496 0.0626118067978533 0.010286225402504472 0.0031305903398926656 2236
000011000000010001100010 0.975049504950495 0.0015841584158415843 0.02297029702970297 0.00039603960396039607 2525
000000000001010001100010 0.9814814814814815 0.01608187134502924 0.001949317738791423 0.0004873294346978557 2052
000000000010010001000000 0.9511210762331839 0.0004484304932735426 0.0484304932735426 0.0 2230
000000110000010001100010 0.975071907957814 0.02109300095877277 0.0019175455417066154 0.0019175455417066154 2086
000000100000000000000001 0.5262295081967213 0.003825136612021858 0.46830601092896174 0.001639344262295082 1830
000011000000010001000000 0.9953566905867455 0.00042211903756859433 0.002532714225411566 0.0016884761502743773 2369
100000000000010101100010 0.9680944055944056 0.00043706293706293706 0.028409090909090908 0.0030594405594405595 2288
001000000000010100100000 0.9643470790378007 0.001718213058419244 0.03178694158075601 0.002147766323024055 2328
000000110000000000100010 0.9755080771235018 0.01771756122980719 0.004689942678478374 0.0020844189682126106 1919
000000000100000101101010 0.9764383561643836 0.021369863013698632 0.000547945205479452 0.0016438356164383563 1825
000010000000010101100010 0.9783567134268537 0.0008016032064128256 0.020440881763527055 0.0004008016032064128 2495
100000000000010101001000 0.9760604787904242 0.00125997480050399 0.022259554808903823 0.00041999160016799666 2381
000000001000000001000000 0.9510932105868815 0.0 0.04833141542002301 0.0005753739930955121 1738
001100000000000100001000 0.9610443431413178 0.004973062577704103 0.0306672192291753 0.003315375051802735 2413
000001000000010101101010 0.9945652173913043 0.001254180602006689 0.0008361204013377926 0.0033444816053511705 2392
000000110000010000101000 0.9793169793169794 0.016354016354016353 0.002405002405002405 0.001924001924001924 2079
000001000000000000001010 0.956012770485988 0.039730400851365734 0.002837885775097552 0.001418942887548776 2819
000000110000010000100000 0.9806763285024155 0.015942028985507246 0.001932367149758454 0.0014492753623188406 2070
110000000000010001100010 0.9773222852158744 0.0004361098996947231 0.020933275185346708 0.0013083296990841692 2293
000100000000000000001010 0.964451313755796 0.03284389489953632 0.00231839258114374 0.0003863987635239567 2588
000000000001000000100010 0.9843897824030274 0.008987701040681173 0.004257332071901609 0.0023651844843897824 2114
000000000001000001000000 0.8816951147733961 0.0005885815185403178 0.11771630370806356 0.0 1699
001100000000000101001010 0.9694519317160827 0.0008984725965858042 0.026954177897574125 0.0026954177897574125 2226
000000000100000100001000 0.9651331719128329 0.023728813559322035 0.0043583535108958835 0.006779661016949152 2065
010000000000000000100010 0.961694290976059 0.03609576427255985 0.001841620626151013 0.00036832412523020257 2715
000000000010000000010000 0.5855130784708249 0.0005030181086519115 0.41398390342052316 0.0 1988
000000000010000000000100 0.5634441087613293 0.0005035246727089627 0.43454179254783487 0.0015105740181268882 1986
000000001000000000000001 0.5260416666666666 0.0011574074074074073 0.47280092592592593 0.0 1728
000000000011000000100010 0.9892682926829268 0.005853658536585366 0.0034146341463414634 0.0014634146341463415 2050
000000000010000000001000 0.7367137981472452 0.2569478303266699 0.0039005363237445147 0.0024378352023403218 2051
000000000010000101000000 0.96 0.0 0.04 0.0 2275
001100000000000100000000 0.9529366005445352 0.010112796577207312 0.03617269544924154 0.0007779074290159471 2571
000000100000010100000000 0.9322262118491921 0.0017953321364452424 0.06552962298025135 0.0004488330341113106 2228
001000000000010101001010 0.9724811362627608 0.000887705281846427 0.02529960053262317 0.0013315579227696406 2253
000000100000000000000100 0.5417485265225933 0.0004911591355599214 0.4567779960707269 0.0009823182711198428 2036
000000000011000000001010 0.9872146118721461 0.005479452054794521 0.00502283105022831 0.00228310502283105 2190
010000000000010100000000 0.8931413414172035 0.0015157256536566881 0.10534293292913982 0.0 2639
001100000000010101001010 0.9750822755054067 0.0 0.023507287259050307 0.0014104372355430183 2127
000000010000010000100000 0.9742173112338858 0.017955801104972375 0.0050644567219152855 0.0027624309392265192 2172
000000000011000101000010 0.985081175954366 0.013602457218078104 0.00043878894251864854 0.0008775778850372971 2279
000000110000000000100000 0.9664258393540162 0.02634934126646834 0.004674883127921802 0.0025499362515937103 2353
000010000000000101000000 0.9947665056360708 0.0008051529790660225 0.0036231884057971015 0.0008051529790660225 2484
010000000000010100101000 0.9853723404255319 0.0004432624113475177 0.0026595744680851063 0.01152482269503546 2256
000000100000000100000000 0.7689784442361762 0.00046860356138706655 0.23008434864104968 0.00046860356138706655 2134
000001000000010001100010 0.996344435418359 0.00040617384240454913 0.0012185215272136475 0.0020308692120227455 2462
000000000001000000001010 0.982573726541555 0.005361930294906166 0.008936550491510277 0.003127792672028597 2238
010000000000000000000010 0.9618608549874267 0.03394803017602682 0.002514668901927913 0.0016764459346186086 2386
100000000000010001100010 0.9762624082865775 0.00043159257660768235 0.021148036253776436 0.0021579628830384117 2317
000000001100000101001010 0.9782962561041779 0.018448182311448725 0.0016277807921866521 0.0016277807921866521 1843
000010000000010101001000 0.9970351545955104 0.00042354934349851756 0.0016941973739940702 0.0008470986869970351 2361
000000001100000000001000 0.9545251894783772 0.03700401248328132 0.00490414623272403 0.0035666518056174765 2243
000000000010010000000000 0.9252238020010531 0.0 0.07477619799894682 0.0 1899
110000000000010000100000 0.9732854864433812 0.0035885167464114833 0.02033492822966507 0.0027910685805422647 2508
000000000100010000101000 0.9302098584675451 0.054660810151293315 0.01171303074670571 0.003416300634455832 2049
000010000000010001100010 0.979449239621866 0.0016440608302507192 0.018495684340320593 0.0004110152075626798 2433
010000000000010000100000 0.9866509619159796 0.0035335689045936395 0.0019630938358853552 0.007852375343541421 2547
000000010000010001101010 0.9752144899904671 0.02001906577693041 0.003336510962821735 0.0014299332697807435 2098
000000000010000000000001 0.5333333333333333 0.001075268817204301 0.4650537634408602 0.0005376344086021505 1860
100000000000010000100000 0.9728666928824223 0.004325599685410932 0.020448289421942586 0.0023594180102241447 2543
000001000000000101000000 0.9615832363213038 0.0019402405898331393 0.03647652308886302 0.0 2577
001100000000000101000000 0.9714285714285714 0.0008928571428571428 0.026339285714285714 0.0013392857142857143 2240
110000000000010101001000 0.9721375707444493 0.0008707009142359599 0.025685676969960818 0.00130605137135394 2297
001000000000000101000000 0.9736611062335382 0.0004389815627743635 0.02502194907813872 0.000877963125548727 2278
000000001100000100001000 0.9717573221757322 0.02301255230125523 0.0036610878661087866 0.0015690376569037657 1912
000000010000000100101010 0.9634489222118088 0.02483598875351453 0.010309278350515464 0.0014058106841611997 2134
000000100000010001000000 0.9550252409362092 0.0009178522257916476 0.04405690683799908 0.0 2179
000000110000010001101010 0.9762266059686393 0.02175012645422357 0.0005058168942842691 0.0015174506828528073 1977
000000001000010101000000 0.9551219512195122 0.0004878048780487805 0.04439024390243902 0.0 2050
000000000100000100101000 0.9604208416833667 0.016533066132264528 0.018036072144288578 0.00501002004008016 1996
000000001000000000000010 0.9201943095072866 0.07217210270645386 0.004163775156141568 0.0034698126301179735 1441
000000001000000101000000 0.9561940650023552 0.001413094677343382 0.041921808761187 0.0004710315591144607 2123
000000000001000100010000 0.5733422638981915 0.0 0.42665773610180846 0.0 1493
000000010000000000100010 0.9780324737344794 0.01623686723973257 0.0033428844317096467 0.002387774594078319 2094
000000000001000100000100 0.5655307994757536 0.000655307994757536 0.4338138925294889 0.0 1526
001100000000010100100000 0.9667104686815593 0.002190100744634253 0.02890932982917214 0.002190100744634253 2283
000000000001010001101010 0.9793863854266539 0.019175455417066157 0.0009587727708533077 0.00047938638542665386 2086
100000000000000000011000 0.5346700083542189 0.010025062656641603 0.44360902255639095 0.011695906432748537 1197
000000000010010101000000 0.9544429409111412 0.0 0.04555705908885882 0.0 2217
000100000000000100001000 0.9689161554192229 0.0098159509202454 0.007361963190184049 0.013905930470347648 2445
000000001100010000101010 0.9707135250266241 0.019701810436634718 0.005324813631522897 0.004259850905218318 1878
000000000100000101001010 0.98 0.014871794871794871 0.0015384615384615385 0.0035897435897435897 1950
000000001100000000001010 0.9713261648745519 0.024065540194572452 0.0030721966205837174 0.0015360983102918587 1953
001100000000010100001000 0.9735899731423455 0.0035810205908683975 0.018800358102059087 0.0040286481647269475 2234
000000100000000001000000 0.9624553039332538 0.0 0.037544696066746125 0.0 1678
000000001100010000101000 0.9662980516061085 0.02527646129541864 0.00631911532385466 0.00210637177461822 1899
000000110000000100101000 0.9649805447470817 0.026750972762645913 0.0048638132295719845 0.003404669260700389 2056
000010000000000000000100 0.4474164133738602 0.12522796352583587 0.36838905775075986 0.05896656534954407 1645
000000010000000001000000 0.9328147100424328 0.0 0.06718528995756719 0.0 1414
000000000011000100101010 0.9916666666666667 0.004629629629629629 0.0032407407407407406 0.000462962962962963 2160
100000000000000000001100 0.4848084544253633 0.12351387054161163 0.3441215323645971 0.047556142668428 1514
000000000011010001100010 0.9784630445423397 0.020068526676456193 0.0009789525208027412 0.0004894762604013706 2043
001000000000000101001010 0.9755422242731887 0.00046146746654360867 0.02168897092754961 0.0023073373327180432 2167
000000001000010000000000 0.8304904051172708 0.0026652452025586353 0.1668443496801706 0.0 1876
000000010000000000000100 0.5595475715236194 0.0 0.4397870924817033 0.0006653359946773121 1503
000001000000001000100000 0.019878997407087293 0.9783923941227312 0.000864304235090752 0.000864304235090752 1157
001000000000000000000100 0.5615023474178403 0.012206572769953052 0.4169014084507042 0.009389671361502348 1065
000010000000000001000000 0.8456112852664577 0.0493730407523511 0.10344827586206896 0.001567398119122257 1276
001100000000010101100000 0.9749316317228806 0.00045578851412944393 0.02324521422060164 0.0013673655423883319 2194
000000001000000000000100 0.5426356589147286 0.0036175710594315244 0.44857881136950906 0.00516795865633075 1935
000000000001000100000001 0.5454545454545454 0.0006734006734006734 0.45387205387205387 0.0 1485
001000000000000000101000 0.7180722891566265 0.2755020080321285 0.004016064257028112 0.0024096385542168677 1245
000000000001000000001000 0.6959183673469388 0.23877551020408164 0.05918367346938776 0.006122448979591836 1470
000000001000000000100000 0.8664097623635196 0.12845215157353887 0.0038535645472061657 0.0012845215157353885 1557
100000000000010000001000 0.8567730802415876 0.057808455565142365 0.08369283865401209 0.001725625539257981 1159
000000000010000000100000 0.8147308781869689 0.17563739376770537 0.006232294617563739 0.0033994334277620396 1765
100000000000000000000100 0.4425697598961713 0.13562621674237507 0.36080467229072033 0.06099935107073329 1541
000000010000000100000100 0.5556313993174061 0.0006825938566552901 0.4409556313993174 0.0027303754266211604 1465
000010000000000000001100 0.4430693069306931 0.1280940594059406 0.36324257425742573 0.0655940594059406 1616
000000110000000100101010 0.9823742871954381 0.014515292897874546 0.003110419906687403 0.0 1929
000000000001000000010000 0.5464061409630147 0.0 0.4528960223307746 0.0006978367062107466 1433
000000000100000000100000 0.8339253996447602 0.08969804618117229 0.07460035523978685 0.0017761989342806395 1126
000000010000000000010000 0.5472088215024121 0.0013783597518952446 0.450723638869745 0.0006891798759476223 1451
100000000000000000000001 0.5459866220735786 0.014214046822742474 0.431438127090301 0.008361204013377926 1196
000000000001010000000000 0.8654680719156851 0.0 0.13391196528208307 0.0006199628022318661 1613
000000000100010000001000 0.7397998460354118 0.21247113163972287 0.04157043879907621 0.006158583525789068 1299
000001000000000010001000 0.017346053772766695 0.981786643538595 0.0 0.0008673026886383347 1153
000000000001010100000000 0.9246058944482523 0.0 0.07402330363262509 0.0013708019191226869 1459
000000000001000000000100 0.546031746031746 0.0012698412698412698 0.4526984126984127 0.0 1575
000000000001000000000010 0.8842845973416732 0.06254886630179828 0.05238467552775606 0.0007818608287724785 1279
000000000011000101001010 0.978601997146933 0.019971469329529243 0.0 0.0014265335235378032 2103
000000000001000000100000 0.8505367464905037 0.1222130470685384 0.02064409578860446 0.006606110652353427 1211
000000000100010100000000 0.8352201257861636 0.0 0.16352201257861634 0.0012578616352201257 1590
000010000000000100000000 0.8211382113821138 0.03983739837398374 0.13495934959349593 0.0040650406504065045 1230
000000010000000100000001 0.5202652910832719 0.0 0.47899778924097275 0.0007369196757553427 1357
000000000001000000000001 0.5594744121715076 0.0 0.4405255878284924 0.0 1446
000000001000000000010000 0.5394515948517068 0.003357582540570789 0.45439283715724677 0.0027979854504756574 1787
000000000100000001000000 0.9385065885797951 0.0 0.06149341142020498 0.0 1366
000100000000000010001000 0.02991026919242273 0.9680957128614157 0.0 0.0019940179461615153 1003
000000100000000000000010 0.9046970728386657 0.089857045609258 0.0020422055820285907 0.0034036759700476512 1469
000000000100010001000000 0.9702743902439024 0.0 0.02972560975609756 0.0 1312
100000000000000000101000 0.7902790279027903 0.20162016201620162 0.0072007200720072 0.0009000900090009 1111
100000000000000001000000 0.9314553990610329 0.012206572769953052 0.05539906103286385 0.0009389671361502347 1065
000000000100010000000001 0.5252679938744257 0.002297090352220521 0.47013782542113325 0.002297090352220521 1306
000000000100000000000001 0.5447093889716841 0.0022354694485842027 0.45305514157973176 0.0 1342
100000000000000000001001 0.5390909090909091 0.012727272727272728 0.44 0.008181818181818182 1100
000001000000000010000000 0.9822595704948646 0.015873015873015872 0.0009337068160597573 0.0009337068160597573 1071
000010000000000100001000 0.8558704453441296 0.03805668016194332 0.10445344129554655 0.0016194331983805667 1235
000100000000100000000000 0.9620018535681186 0.03521779425393883 0.0018535681186283596 0.0009267840593141798 1079
000010000000000000101000 0.8229263746505125 0.17054986020503263 0.004659832246039142 0.001863932898415657 1073
000010000000000000100000 0.7896081771720613 0.20272572402044292 0.00596252129471891 0.0017035775127768314 1174
000000010000000101000000 0.9816581071166545 0.0 0.018341892883345562 0.0 1363
000000000100010000010000 0.5453194650817236 0.0014858841010401188 0.4524517087667162 0.0007429420505200594 1346
000000000100000000010000 0.5710014947683109 0.002242152466367713 0.42451420029895365 0.002242152466367713 1338
000000010000000100010000 0.5489635453895639 0.0007147962830593281 0.44889206576125806 0.0014295925661186562 1399
000100000000001000000000 0.9847764034253093 0.012369172216936251 0.0028544243577545195 0.0 1051
010000000000001000000000 0.9577092511013215 0.04052863436123348 0.001762114537444934 0.0 1135
000000000100000000000100 0.5685986793837124 0.0022010271460014674 0.425531914893617 0.003668378576669112 1363
010000000000000010000000 0.9823874755381604 0.016634050880626222 0.0009784735812133072 0.0 1022
000001000000000000001100 0.45363408521303256 0.18045112781954886 0.27401837928153716 0.09189640768588136 1197
000000000100010000100000 0.8146513680494263 0.11650485436893204 0.06619593998234775 0.00264783759929391 1133
000001000000001000000000 0.9761694616063548 0.02118270079435128 0.00264783759929391 0.0 1133
000001000000000000000011 0.6146881287726358 0.009054325955734407 0.3702213279678068 0.006036217303822937 994
100000000000000000000010 0.9070227497527201 0.0840751730959446 0.004945598417408506 0.003956478733926805 1011
000010000000000000011000 0.5587996755879967 0.010543390105433901 0.42173560421735606 0.008921330089213302 1233
001000000000000000010000 0.4443646805455851 0.12275664034458005 0.3546302943287868 0.07824838478104809 1393
001000000000000001000000 0.9190751445086706 0.017341040462427744 0.055876685934489405 0.007707129094412331 1038
000010000000000000010000 0.5489566613162119 0.012038523274478331 0.42776886035313 0.011235955056179775 1246
100000000000000000010000 0.537828947368421 0.019736842105263157 0.4350328947368421 0.007401315789473684 1216
000010000000010000001000 0.9399641577060932 0.014336917562724014 0.043010752688172046 0.002688172043010753 1116
000001000000000000110000 0.581573896353167 0.10748560460652591 0.30806142034548945 0.0028790786948176585 1042
001000000000000000110000 0.44977843426883307 0.1432791728212703 0.3345642540620384 0.0723781388478582 1354
001000000000000000000010 0.8905263157894737 0.0968421052631579 0.005263157894736842 0.007368421052631579 950
001000000000000000100001 0.5543103448275862 0.01206896551724138 0.43017241379310345 0.0034482758620689655 1160
001000000000010000000000 0.8807692307692307 0.057692307692307696 0.05576923076923077 0.0057692307692307696 1040
000100000000000010000000 0.9627815866797258 0.03721841332027424 0.0 0.0 1021
000010000000010000000000 0.8920985556499575 0.018691588785046728 0.08581138487680544 0.0033984706881903144 1177
000001000000100000000000 0.9817232375979112 0.016536118363794605 0.0008703220191470844 0.0008703220191470844 1149
001000000000000000100010 0.9538131041890441 0.0397422126745435 0.0010741138560687433 0.0053705692803437165 931
000000000010000000000011 0.5874233128834356 0.012269938650306749 0.3987730061349693 0.0015337423312883436 652
100000000000000000001010 0.9488888888888889 0.044444444444444446 0.0033333333333333335 0.0033333333333333335 900
001000000000001000100000 0.9628571428571429 0.03142857142857143 0.005714285714285714 0.0 700
000000000001000100001000 0.7055214723926381 0.21813224267211997 0.07021131561008861 0.006134969325153374 1467
000000010000000100001000 0.7290748898678414 0.20484581497797358 0.05947136563876652 0.006607929515418502 1362
010000000000100000000000 0.9858215179316097 0.013344453711426188 0.0008340283569641367 0.0 1199
100000000000100000000000 0.9739726027397261 0.024657534246575342 0.0013698630136986301 0.0 730
000010000000000000000010 0.8345132743362832 0.16017699115044248 0.004424778761061947 0.0008849557522123894 1130
000010000000000000001001 0.5564516129032258 0.007258064516129033 0.4290322580645161 0.007258064516129033 1240
000100000000001000100000 0.01555352241537054 0.9817017383348582 0.0009149130832570906 0.0018298261665141812 1093
000100000000000000001100 0.5187713310580204 0.14846416382252559 0.24914675767918087 0.08361774744027303 1172
000000010000010100000000 0.8651252408477842 0.0 0.1348747591522158 0.0 1557
000000010000000000000010 0.9174573055028463 0.051233396584440226 0.030360531309297913 0.0009487666034155598 1054
000010000000000000000001 0.5433673469387755 0.006802721088435374 0.44047619047619047 0.00935374149659864 1176
000000010000000000001000 0.7256052824651504 0.21129860601614087 0.058694057226705794 0.004402054292002935 1363
010000000000000000000011 0.6199770378874856 0.0057405281285878304 0.36969001148105624 0.004592422502870264 871
000000000010100000000000 0.9760119940029985 0.0239880059970015 0.0 0.0 667
000000000100010000000100 0.5333806818181818 0.0014204545454545455 0.46519886363636365 0.0 1408
000000100000000010001000 0.016611295681063124 0.9767441860465116 0.0016611295681063123 0.0049833887043189366 602
000000010000000100100000 0.8347457627118644 0.1135593220338983 0.046610169491525424 0.005084745762711864 1180
001000000000000000000001 0.5341219290263877 0.011828935395814377 0.4440400363967243 0.010009099181073703 1099
001000000000010000100000 0.8657142857142858 0.047619047619047616 0.08666666666666667 0.0 1050
000000010000000000000001 0.5165319617927994 0.0007347538574577516 0.48273328434974283 0.0 1361
000000001000001000000000 0.9806451612903225 0.012903225806451613 0.0064516129032258064 0.0 620
000000000100000000000010 0.928714859437751 0.04317269076305221 0.02208835341365462 0.006024096385542169 996
100000000000000100000000 0.8610400682011935 0.03665814151747655 0.0988917306052856 0.0034100596760443308 1173
000010000000000010001000 0.9894179894179894 0.009259259259259259 0.0013227513227513227 0.0 756
000000000010001000100000 0.021337126600284494 0.9772403982930299 0.0 0.001422475106685633 703
000010000000100000001000 0.9931506849315068 0.005479452054794521 0.0 0.0013698630136986301 730
000100000000000000000011 0.5982800982800983 0.014742014742014743 0.3845208845208845 0.002457002457002457 814
000000100000001000100000 0.04843304843304843 0.9472934472934473 0.0014245014245014246 0.002849002849002849 702
000000010000000100000010 0.9539170506912442 0.018433179723502304 0.023963133640552997 0.003686635944700461 1085
010000000000000010001000 0.02330293819655522 0.9736575481256332 0.0 0.00303951367781155 987
000000000100110000000000 0.7213675213675214 0.018803418803418803 0.24786324786324787 0.011965811965811967 585
010000000000000000001100 0.5157068062827225 0.15706806282722513 0.2513089005235602 0.07591623036649214 1146
