0000000000000000 0.9981475322271672 0.00035116695297792886 0.0013803025736788246 0.00012099824617595866 8454668
1000000000000000 0.9973907857462353 0.0005591173400924407 0.0018450872223050544 0.00020500969136722828 53656
0000100000000000 0.9952605649905419 0.002764670422183882 0.0017045336437524685 0.0002702309435217328 48107
0000100000001000 0.976734466425188 0.020107736602581965 0.0026701959691650414 0.0004876010030649206 43068
0001000000000000 0.9981245311327832 0.000445423855963991 0.001336271567891973 9.377344336084021e-05 42656
0000101000001010 0.9803386258591373 0.017290514165289653 0.0020834830088368415 0.0002873769667361161 41757
0010000000000000 0.9979406815841684 0.00040181822747934403 0.00150681835304754 0.00015068183530475403 39819
0000001000000010 0.980202965611526 0.017220527920917026 0.002208434115048901 0.00036807235250815016 38036
0000101100001011 0.9812098628399271 0.016781627421443485 0.0017706599011601785 0.00023784983746927773 37839
0100000000000000 0.9960145112666701 0.0024015124418782893 0.0012263042256399775 0.0003576720658116601 39142
0000000100000000 0.9964545431018866 0.0012939623715742346 0.0018633058150668979 0.0003881887114722704 38641
0000000100000001 0.9772435001397819 0.019960861056751468 0.002460162147050601 0.00033547665641599103 35770
0000001100000011 0.9807636025009977 0.01761340960489557 0.001410137022748437 0.00021285087135825462 37585
0000100100001001 0.9796910999232017 0.018118724578320106 0.001934180959695082 0.00025599453878317265 35157
0000001000000000 0.9971686476788517 0.0011773940345368916 0.0014577259475218659 0.00019623233908948196 35672
0000010000000000 0.9967196934509986 0.00040640966093822574 0.00272875058058523 0.00014514630747793777 34448
0000100010001000 0.983134783210971 0.0007618783765064414 0.003947915223715196 0.012155423188807314 28876
0000101010101010 0.9858848314606742 0.0005969101123595506 0.0023174157303370788 0.011200842696629213 28480
0000000100010001 0.9868073878627969 0.0010202286719437116 0.0020756376429199646 0.01009674582233949 28425
0000001000100010 0.9851365967691288 0.0009420466836467674 0.0022678901643348104 0.011653466382889641 28661
0000001100110011 0.9866919471970809 0.0006081637033592101 0.0015025220906521662 0.01119736700890781 27953
0000101110111011 0.9829145728643216 0.0005443886097152428 0.001968174204355109 0.01457286432160804 23880
0000100110011001 0.9813599008309994 0.0007804967632340112 0.002203755566778385 0.01565584683898811 21781
0100000000000011 0.992601590106007 0.005742049469964664 0.001435512367491166 0.00022084805653710247 18112
1000000010000000 0.9831740880956673 0.002884442040742744 0.013580914608497086 0.000360555255092843 16641
1010000010101010 0.9911772119989917 0.0017015376859087473 0.0017015376859087473 0.005419712629190825 15868
1010000010100000 0.9918037954731732 0.0013870499968476136 0.006620011348590883 0.00018914318138831096 15861
1000000010001000 0.9893191755153029 0.0031855090568394754 0.0018738288569643974 0.005621486570893191 16010
0000010000110000 0.9946839546191248 0.00038897893030794163 0.004797406807131281 0.00012965964343598056 15425
0101000000000000 0.9966028189374774 0.0018070112034694614 0.0014456089627755693 0.00014456089627755693 13835
0000001100000000 0.9949645038798085 0.0030543173188046888 0.001733531451213472 0.00024764735017335313 12114
1011000010111011 0.9907851648770086 0.000761556621734826 0.001903891554337065 0.006549386946919504 13131
0111000000000000 0.9983573960404599 0.0005187170398547593 0.0009509812397337252 0.0001729056799515864 11567
0000010100000000 0.9965969859017987 0.0005671690163668773 0.002592772646248582 0.00024307243558580456 12342
0011000000000000 0.9973452018427422 0.00039041149371437495 0.0020301397673147497 0.00023424689622862497 12807
1011000010110000 0.9941613588110403 0.0008340915984228086 0.004473764027904155 0.0005307855626326964 13188
0010000000100000 0.9901359637430018 0.0009775171065493646 0.00844219319292633 0.0004443259575224385 11253
0011000000110000 0.9919502378338821 0.0010976948408342481 0.00676911818514453 0.00018294914013904133 10932
0010000000100010 0.9895880902365513 0.0016439857521234817 0.002100648461046671 0.006667275550278564 10949
0011000000110011 0.9893408134642356 0.0011220196353436186 0.0017765310892940626 0.0077606358111266946 10695
0000011100000000 0.997895542376124 0.0003826286588865506 0.00162617180026784 9.565716472163765e-05 10454
1001000010010000 0.9891151355916299 0.0010321854180350943 0.00947733883832223 0.0003753401520127616 10657
1001000010011001 0.9909322754321338 0.0010390101067346746 0.0015112874279777084 0.006517427033153868 10587
0001000000010000 0.9882502015896786 0.0017279115309296164 0.009445916369081903 0.0005759705103098721 8681
0001000000010001 0.9891085592518054 0.000947081804190837 0.002722860187048656 0.007221498756955132 8447
1000000010010000 0.9709175738724728 0.001088646967340591 0.027527216174183515 0.00046656298600311044 6430
0000100000001001 0.8792542172240307 0.11467889908256881 0.003551346552234389 0.0025155371411660255 6758
0000100010011001 0.9716225626740947 0.0017409470752089136 0.0026114206128133705 0.02402506963788301 5744
1000000010011001 0.9817101766453025 0.0012505862122870095 0.0018758793184305144 0.01516335782397999 6397
1010000010110000 0.9575533878196678 0.001318217769575534 0.04086475085684155 0.0002636435539151068 3793
1010000000000000 0.994343891402715 0.0008484162895927602 0.003393665158371041 0.001414027149321267 3536
0101000000000011 0.9867279224093926 0.010719754977029096 0.002552322613578356 0.0 3918
1010000010111011 0.975268817204301 0.0016129032258064516 0.002956989247311828 0.020161290322580645 3720
0000101000001011 0.8030597377367654 0.19159786304031082 0.0029140359397765905 0.0024283632831471587 4118
0000010100110000 0.9931710213776722 0.0005938242280285036 0.0059382422802850355 0.0002969121140142518 3368
0100000000001011 0.8514376996805112 0.14313099041533547 0.004153354632587859 0.0012779552715654952 3130
0000101000000000 0.9696555494805905 0.021596500820120285 0.00683433570256971 0.0019136139967195188 3658
0000101010111011 0.9506208489748773 0.003753970545769564 0.001155067860236789 0.044470112619116375 3463
0100000000000001 0.7861601085481682 0.2067842605156038 0.0027137042062415195 0.004341926729986432 3685
0000010010110000 0.89723991507431 0.0004246284501061571 0.10191082802547771 0.0004246284501061571 2355
0000010000010000 0.8278523489932886 0.0016778523489932886 0.1704697986577181 0.0 2980
0100000000000010 0.6396832380114387 0.3484381874175099 0.005279366476022877 0.006599208095028597 2273
0110000000000000 0.9841666666666666 0.013333333333333334 0.0020833333333333333 0.0004166666666666667 2400
1000000000001000 0.8996469994957136 0.07766011094301563 0.01714573877962683 0.005547150781643974 1983
0000110000000000 0.988997555012225 0.0 0.011002444987775062 0.0 1636
0100000000001001 0.8215746421267893 0.16717791411042945 0.006134969325153374 0.005112474437627812 1956
0000100010000000 0.9285349668198061 0.02450229709035222 0.04134762633996937 0.005615109749872384 1959
0000110000010000 0.9775204359673024 0.0013623978201634877 0.02111716621253406 0.0 1468
0001000000000001 0.9444085326438267 0.04524886877828054 0.00904977375565611 0.001292824822236587 1547
1000000000000001 0.9251760563380281 0.04841549295774648 0.011443661971830986 0.014964788732394365 1136
1100000000000000 0.9825842696629213 0.01348314606741573 0.003932584269662922 0.0 1780
0000011000010000 0.9734693877551021 0.0 0.026530612244897958 0.0 1470
0111000000000011 0.9879310344827587 0.006896551724137931 0.004022988505747126 0.0011494252873563218 1740
1100000000000001 0.9689024390243902 0.02804878048780488 0.0 0.003048780487804878 1640
0000011000110000 0.9925068119891008 0.0020435967302452314 0.005449591280653951 0.0 1468
0000100000000010 0.565189466923571 0.4161849710982659 0.010276172125883108 0.008349389852280027 1557
1110000000000001 0.9801857585139319 0.018575851393188854 0.001238390092879257 0.0 1615
0000100000001010 0.47758716104039844 0.5013835085777532 0.008854454897620365 0.012174875484228001 1807
0000010010010000 0.8638360175695461 0.0036603221083455345 0.13250366032210834 0.0 1366
0000100000001011 0.4657534246575342 0.5111751982696467 0.010814708002883922 0.012256669069935111 1387
0000000100000011 0.5468085106382978 0.43617021276595747 0.010638297872340425 0.006382978723404255 1410
0010000000000010 0.9596541786743515 0.028097982708933718 0.008645533141210375 0.0036023054755043226 1388
0000001000000011 0.5056553559547572 0.47837658017298734 0.00665335994677312 0.009314703925482368 1503
0000100000000011 0.5529322162985529 0.4204112718964204 0.013709063214013708 0.012947448591012947 1313
0000000100010000 0.956221198156682 0.013824884792626729 0.026497695852534562 0.0034562211981566822 1736
0000001000100000 0.9625158831003812 0.014612452350698857 0.017153748411689963 0.005717916137229987 1574
0000111000010000 0.9784172661870504 0.0014388489208633094 0.02014388489208633 0.0 1390
1110000000000000 0.9766561514195583 0.02018927444794953 0.0031545741324921135 0.0 1585
0000111000000000 0.9807824296499656 0.002745367192862045 0.016472203157172273 0.0 1457
0110000000000001 0.967032967032967 0.029914529914529916 0.0030525030525030525 0.0 1638
0000011000000000 0.9867235656709341 0.001422475106685633 0.011853959222380275 0.0 2109
0000001000001010 0.5176964607078585 0.46010797840431916 0.011397720455908818 0.010797840431913617 1667
0000100000000001 0.6012186865267434 0.3662830060934326 0.010155721056194989 0.02234258632362898 1477
1000000000001001 0.9399538106235565 0.04003079291762895 0.012317167051578136 0.007698229407236336 1299
0000001100110000 0.9598393574297188 0.01285140562248996 0.017670682730923693 0.00963855421686747 1245
0000001100100011 0.4676663542642924 0.15182755388940955 0.3711340206185567 0.00937207122774133 1067
0000001000000001 0.5750382848392037 0.40811638591117916 0.006125574272588055 0.010719754977029096 1306
0000101000000010 0.3163841807909605 0.6618240516545602 0.005649717514124294 0.016142050040355124 1239
0000001000110010 0.399592252803262 0.15188583078491336 0.4413863404689093 0.007135575942915392 981
0000100100011001 0.45316681534344333 0.2167707404103479 0.31668153434433544 0.013380909901873328 1121
0000010000100000 0.7009009009009008 0.0 0.2990990990990991 0.0 1665
0000000100000010 0.5716523101018011 0.4111198120595145 0.010180109631949883 0.007047768206734534 1277
0000011100110000 0.9959704499664204 0.0020147750167897917 0.0020147750167897917 0.0 1489
0000100000011000 0.5619512195121952 0.1775609756097561 0.24390243902439024 0.016585365853658537 1025
0110000000000011 0.9969512195121951 0.001829268292682927 0.0012195121951219512 0.0 1640
0000000100001001 0.49791955617198336 0.4840499306518724 0.009015256588072122 0.009015256588072122 1442
0001000000001001 0.9359095193213949 0.05089538171536286 0.010367577756833177 0.002827521206409048 1061
0000000110010001 0.3293838862559242 0.18009478672985782 0.48104265402843605 0.009478672985781991 844
0000101010011010 0.421259842519685 0.17454068241469817 0.3937007874015748 0.010498687664041995 762
1000000000001010 0.8645720476706392 0.10725893824485373 0.01950162513542795 0.00866738894907909 923
0000101000000001 0.1445966514459665 0.8127853881278538 0.0030441400304414 0.0395738203957382 657
1110000010110000 0.9910071942446043 0.0008992805755395684 0.002697841726618705 0.00539568345323741 1112
0101000000001011 0.9243765084473049 0.06757843925985518 0.004022526146419952 0.004022526146419952 1243
0100000000001000 0.6860739575137687 0.3029110936270653 0.006294256490952006 0.004720692368214005 1271
0001000000000011 0.9029003783102144 0.07944514501891552 0.011349306431273645 0.006305170239596469 793
0000100110001001 0.5058708414872799 0.15459882583170254 0.32974559686888455 0.009784735812133072 1022
0000101010001010 0.5118110236220472 0.1283464566929134 0.3535433070866142 0.006299212598425197 1270
0000010000110011 0.9410430839002267 0.036281179138321996 0.007936507936507936 0.01473922902494331 882
0000100100001011 0.2667423382519864 0.713961407491487 0.0011350737797956867 0.018161180476730987 881
0000101100000011 0.3036187113857017 0.6804942630185349 0.00353045013239188 0.01235657546337158 1133
0000111010111011 0.9777327935222672 0.016194331983805668 0.0020242914979757085 0.004048582995951417 988
0000101000001000 0.2907735321528425 0.6887232059645852 0.005591798695246971 0.014911463187325256 1073
0101000000000010 0.7982456140350878 0.19517543859649122 0.003654970760233918 0.0029239766081871343 1368
0000000100100001 0.5208768267223383 0.17849686847599164 0.29436325678496866 0.006263048016701462 958
0000001000001000 0.5558019216555802 0.42350332594235035 0.008869179600886918 0.011825572801182557 1353
0000010110110000 0.9384191176470589 0.0 0.06066176470588235 0.0009191176470588235 1088
0000010000000011 0.9513466550825369 0.036490008688097306 0.007819287576020852 0.004344048653344918 1151
0000111100001011 0.9725190839694656 0.015267175572519083 0.004580152671755725 0.007633587786259542 655
0000000100001011 0.5227963525835866 0.44376899696048633 0.019250253292806486 0.014184397163120567 987
0000100100101001 0.5948905109489051 0.1873479318734793 0.20924574209245742 0.00851581508515815 822
0011000000000011 0.9780346820809248 0.011560693641618497 0.009248554913294798 0.0011560693641618498 865
0000101010100000 0.9134883720930232 0.052093023255813956 0.025116279069767444 0.009302325581395349 1075
0000001010100010 0.3635448136958711 0.1782477341389728 0.4511581067472306 0.007049345417925478 993
1000000000000010 0.926094890510949 0.053832116788321165 0.010948905109489052 0.009124087591240875 1096
0000000100001000 0.6078274760383386 0.37859424920127793 0.006389776357827476 0.00718849840255591 1252
0000110010010000 0.9906444906444907 0.0 0.008316008316008316 0.0010395010395010396 962
0000101000011010 0.5686475409836066 0.17315573770491804 0.25 0.00819672131147541 976
0000100010011000 0.34866310160427805 0.21818181818181817 0.4213903743315508 0.011764705882352941 935
0000100100001000 0.2756964457252642 0.7079731027857828 0.002881844380403458 0.013448607108549471 1041
0000101000001001 0.19588875453446192 0.7859733978234583 0.006045949214026602 0.012091898428053204 827
0000001100000010 0.38139145012573344 0.5892707460184409 0.0075440067057837385 0.02179379715004191 1193
0000001100010011 0.4769503546099291 0.17109929078014185 0.3448581560283688 0.0070921985815602835 1128
0000100010111000 0.4557124518613607 0.18741976893453144 0.34403080872913994 0.012836970474967908 779
0000010000110001 0.9450686641697877 0.03245942571785269 0.0149812734082397 0.00749063670411985 801
0000001000010010 0.528032619775739 0.1580020387359837 0.3068297655453619 0.007135575942915392 981
0001000000001011 0.9324675324675324 0.04935064935064935 0.013852813852813853 0.004329004329004329 1155
0000010000110010 0.9235751295336787 0.05699481865284974 0.009067357512953367 0.010362694300518135 772
0000010010000000 0.7275064267352185 0.0012853470437017994 0.2686375321336761 0.002570694087403599 778
0000100100000001 0.3293768545994065 0.658753709198813 0.003956478733926805 0.00791295746785361 1011
0010000000001000 0.8729989327641409 0.10779082177161152 0.0096051227321238 0.0096051227321238 937
0000101100000000 0.9242658423493045 0.05409582689335394 0.01854714064914992 0.0030911901081916537 647
0000101100101011 0.5950226244343891 0.17194570135746606 0.22737556561085973 0.005656108597285068 884
0000100100111001 0.4932795698924731 0.22849462365591397 0.2661290322580645 0.012096774193548387 744
0000101110101011 0.39372822299651566 0.19279907084785133 0.40185830429732866 0.011614401858304297 861
0000101100001000 0.16138763197586728 0.8144796380090498 0.00904977375565611 0.015082956259426848 663
0000101100011011 0.5885588558855885 0.1771177117711771 0.23102310231023102 0.0033003300330033004 909
0100000000100001 0.9637223974763407 0.012618296529968454 0.014195583596214511 0.00946372239747634 634
0001000000000010 0.9042675893886967 0.07381776239907728 0.0196078431372549 0.002306805074971165 867
0000101000101010 0.5130293159609121 0.13192182410423453 0.3526058631921824 0.0024429967426710096 1228
0100000010011001 0.9764521193092621 0.006279434850863423 0.007849293563579277 0.009419152276295133 637
0000010000001011 0.9479638009049773 0.033936651583710405 0.011312217194570135 0.006787330316742082 884
0000101100001010 0.27631578947368424 0.7095141700404858 0.0010121457489878543 0.013157894736842105 988
0000001100001000 0.3691460055096419 0.6143250688705234 0.009641873278236915 0.006887052341597796 726
0000001110010011 0.4331306990881459 0.21124620060790272 0.3404255319148936 0.015197568389057751 658
0000100110111001 0.3715046604527297 0.20772303595206393 0.4047936085219707 0.015978695073235686 751
0000101100111011 0.40414507772020725 0.20310880829015543 0.37927461139896373 0.013471502590673576 965
0000011100110011 0.9711664482306684 0.014416775884665793 0.002621231979030144 0.011795543905635648 763
0000010100100000 0.8553113553113553 0.0009157509157509158 0.14377289377289376 0.0 1092
0000001110000011 0.5462868769074263 0.1698880976602238 0.2726347914547304 0.011190233977619531 983
1110000000001011 0.9878844361602982 0.011183597390493943 0.0009319664492078285 0.0 1073
0000101110001011 0.5700757575757576 0.15151515151515152 0.2689393939393939 0.00946969696969697 1056
0000111010110000 0.9928352098259979 0.0 0.006141248720573183 0.0010235414534288639 977
0000001000101010 0.1450381679389313 0.8274809160305343 0.016793893129770993 0.010687022900763359 655
0000001110110011 0.34846765039727584 0.17707150964812712 0.46651532349602726 0.007945516458569807 881
0000001100001011 0.3872832369942196 0.6011560693641619 0.005780346820809248 0.005780346820809248 1211
0000100110101001 0.46603260869565216 0.22146739130434784 0.29483695652173914 0.017663043478260868 736
0000100010101000 0.3754010695187166 0.18609625668449198 0.42245989304812837 0.016042780748663103 935
0000001000100011 0.05518394648829431 0.9113712374581939 0.020066889632107024 0.013377926421404682 598
0100000010010000 0.9806259314456036 0.0014903129657228018 0.013412816691505217 0.004470938897168405 671
0000001010000010 0.5430157261794635 0.16188714153561518 0.2849213691026827 0.010175763182238668 1081
0100000000110011 0.9721549636803875 0.002421307506053269 0.018159806295399514 0.007263922518159807 826
0000100100000010 0.08121827411167512 0.8908629441624365 0.01015228426395939 0.017766497461928935 394
0000101110011011 0.3673469387755102 0.18231292517006803 0.4380952380952381 0.012244897959183673 735
1100000000001001 0.9894837476099426 0.0076481835564053535 0.0028680688336520078 0.0 1046
0000010000001001 0.9384787472035794 0.0447427293064877 0.007829977628635347 0.008948545861297539 894
0000111000011010 0.9720670391061452 0.00931098696461825 0.00931098696461825 0.00931098696461825 537
0100000010101011 0.9209677419354839 0.01935483870967742 0.0467741935483871 0.012903225806451613 620
0000011000110010 0.9628318584070796 0.017699115044247787 0.007079646017699115 0.012389380530973451 565
0000000100110001 0.3782608695652174 0.1815217391304348 0.42934782608695654 0.010869565217391304 920
0000101100000001 0.11920529801324503 0.8543046357615894 0.004966887417218543 0.02152317880794702 604
0000001010010010 0.4496 0.1984 0.3424 0.0096 625
0000010000000001 0.8890274314214464 0.08104738154613467 0.02369077306733167 0.006234413965087282 802
1010000010101000 0.501412429378531 0.4293785310734463 0.05790960451977401 0.011299435028248588 708
0010000000000001 0.9379391100702577 0.04449648711943794 0.00936768149882904 0.00819672131147541 854
0010000010100000 0.6891304347826087 0.002173913043478261 0.30869565217391304 0.0 460
0000000110000001 0.6032887975334018 0.1747173689619733 0.21891058581706063 0.003083247687564234 973
0000000100001010 0.5217391304347826 0.45493107104984093 0.010604453870625663 0.012725344644750796 943
0100000000110000 0.9825581395348837 0.002325581395348837 0.012790697674418604 0.002325581395348837 860
0000101010101011 0.08181818181818182 0.7803030303030303 0.11515151515151516 0.022727272727272728 660
1000000000000011 0.9148936170212766 0.06501182033096926 0.018912529550827423 0.001182033096926714 846
0000011100000011 0.963572267920094 0.03055229142185664 0.0011750881316098707 0.004700352526439483 851
0000001010110010 0.47368421052631576 0.19504643962848298 0.3204334365325077 0.010835913312693499 646
0000100010010000 0.9484425349087003 0.011815252416756176 0.03329752953813104 0.00644468313641246 931
0000100000101000 0.557978196233895 0.16253716551040634 0.2626362735381566 0.01684836471754212 1009
0001000000001000 0.8507877664504171 0.13160333642261354 0.011121408711770158 0.006487488415199258 1079
0000100110010001 0.10344827586206896 0.8448275862068966 0.02681992337164751 0.02490421455938697 522
0000111000001011 0.9811122770199371 0.012591815320041973 0.001049317943336831 0.005246589716684155 953
1000000010001001 0.34167893961708395 0.48600883652430044 0.16200294550810015 0.010309278350515464 679
0000001100000001 0.3954305799648506 0.5887521968365553 0.006151142355008787 0.009666080843585237 1138
0000000110100001 0.4204993429697766 0.26412614980289095 0.2890932982917214 0.026281208935611037 761
0100000010111011 0.9717912552891397 0.004231311706629055 0.012693935119887164 0.011283497884344146 709
1110000010111011 0.9918772563176895 0.0018050541516245488 0.005415162454873646 0.0009025270758122744 1108
0000100000100000 0.9167883211678832 0.008759124087591242 0.07007299270072993 0.004379562043795621 685
0101000000010011 0.9878472222222222 0.003472222222222222 0.005208333333333333 0.003472222222222222 576
0100000000001010 0.6338582677165354 0.3425196850393701 0.017716535433070866 0.005905511811023622 1016
0000101100001001 0.2597254004576659 0.7254004576659039 0.005720823798627002 0.009153318077803204 874
0000010000000010 0.8843338213762811 0.08052708638360176 0.029282576866764276 0.005856515373352855 683
0000100010001001 0.148005148005148 0.6628056628056628 0.1776061776061776 0.011583011583011582 777
1001000010010001 0.4633663366336634 0.48118811881188117 0.041584158415841586 0.013861386138613862 505
0001000000001010 0.8468137254901961 0.13357843137254902 0.014705882352941176 0.004901960784313725 816
1000000000000100 0.893305439330544 0.0041841004184100415 0.10251046025104603 0.0 478
0000010000010010 0.9415584415584416 0.030844155844155844 0.011363636363636364 0.016233766233766232 616
0100000000010010 0.9689922480620154 0.010852713178294573 0.0031007751937984496 0.017054263565891473 645
0000111010111010 0.9155470249520153 0.061420345489443376 0.011516314779270634 0.011516314779270634 521
0000001000010000 0.8979591836734694 0.0037105751391465678 0.09090909090909091 0.0074211502782931356 539
0000100000000100 0.8720472440944882 0.021653543307086614 0.09645669291338582 0.00984251968503937 508
0000101010101000 0.05328596802841918 0.9005328596802842 0.03019538188277087 0.015985790408525755 563
0000000110000000 0.8777292576419214 0.002911208151382824 0.11208151382823872 0.00727802037845706 687
0000010010111011 0.978494623655914 0.006144393241167435 0.007680491551459293 0.007680491551459293 651
0110000000100011 0.9855072463768116 0.0036231884057971015 0.007246376811594203 0.0036231884057971015 552
0000010100100001 0.9728260869565217 0.0036231884057971015 0.010869565217391304 0.012681159420289856 552
1000000000010000 0.7623626373626373 0.0013736263736263737 0.23076923076923078 0.005494505494505495 728
1010000010101011 0.34210526315789475 0.5225563909774437 0.12406015037593984 0.011278195488721804 532
0111000000110000 0.9861495844875346 0.0013850415512465374 0.008310249307479225 0.004155124653739612 722
0000101000001110 0.8693693693693694 0.02702702702702703 0.09684684684684684 0.006756756756756757 444
0000001100110010 0.059149722735674676 0.8964879852125693 0.024029574861367836 0.02033271719038817 541
0000010000001000 0.8427109974424553 0.10741687979539642 0.0370843989769821 0.01278772378516624 782
0000001110100011 0.5047879616963065 0.2051983584131327 0.2749658002735978 0.015047879616963064 731
0100000000010011 0.9687906371911573 0.0039011703511053317 0.022106631989596878 0.005201560468140442 769
0000100000111000 0.5289940828402366 0.20236686390532543 0.25207100591715975 0.016568047337278107 845
0000001010101010 0.6897196261682244 0.016822429906542057 0.009345794392523364 0.2841121495327103 535
0000000100110000 0.8793859649122807 0.015350877192982455 0.09868421052631579 0.006578947368421052 456
1100000010000001 0.9652014652014652 0.018315018315018316 0.007326007326007326 0.009157509157509158 546
1000000010000011 0.5019083969465649 0.4389312977099237 0.04961832061068702 0.009541984732824428 524
0000000100110011 0.6904276985743381 0.010183299389002037 0.004073319755600814 0.2953156822810591 491
1000000010000010 0.5023183925811437 0.43585780525502316 0.05564142194744977 0.0061823802163833074 647
0011000000111000 0.5379146919431279 0.3981042654028436 0.05924170616113744 0.004739336492890996 422
0010000000001011 0.9349442379182156 0.05390334572490706 0.00929368029739777 0.0018587360594795538 538
1000000010000001 0.5336700336700336 0.36195286195286197 0.08922558922558922 0.015151515151515152 594
0000110010111001 0.9529914529914529 0.017094017094017096 0.017094017094017096 0.01282051282051282 468
0000110000101001 0.9735772357723578 0.006097560975609756 0.016260162601626018 0.0040650406504065045 492
0000110110111001 0.9810924369747899 0.012605042016806723 0.0021008403361344537 0.004201680672268907 476
1010000010100001 0.5612788632326821 0.36589698046181174 0.06039076376554174 0.012433392539964476 563
0010000010101010 0.8365650969529086 0.00554016620498615 0.013850415512465374 0.1440443213296399 361
0000010000100001 0.9603448275862069 0.010344827586206896 0.010344827586206896 0.01896551724137931 580
0000010000001010 0.844488188976378 0.12992125984251968 0.017716535433070866 0.007874015748031496 508
0000001000101000 0.14285714285714285 0.7987012987012987 0.032467532467532464 0.025974025974025976 462
0010000000110000 0.6970387243735763 0.0 0.30296127562642367 0.0 439
0100000010001001 0.9240506329113924 0.011075949367088608 0.056962025316455694 0.007911392405063292 632
0000000110110000 0.9590062111801242 0.011180124223602485 0.024844720496894408 0.004968944099378882 805
0000101110111010 0.04743083003952569 0.9011857707509882 0.03162055335968379 0.019762845849802372 506
0000001100001001 0.3046875 0.665625 0.009375 0.0203125 640
0000001000001011 0.5242718446601942 0.44902912621359226 0.01820388349514563 0.00849514563106796 824
1000000000100000 0.7682119205298014 0.0 0.2251655629139073 0.006622516556291391 604
1011000010110001 0.46790890269151136 0.4782608695652174 0.037267080745341616 0.016563146997929608 483
0000111110111011 0.9798994974874372 0.008375209380234505 0.005025125628140704 0.006700167504187605 597
0000001010100000 0.8465473145780051 0.015345268542199489 0.1278772378516624 0.010230179028132993 391
0000100110011000 0.04592901878914405 0.8997912317327766 0.025052192066805846 0.029227557411273485 479
0000101000111010 0.4888304862023653 0.21813403416557162 0.27726675427069647 0.01576872536136662 761
0001000010100000 0.764 0.004 0.232 0.0 250
0000001010000000 0.8887070376432079 0.009819967266775777 0.09492635024549918 0.006546644844517185 611
1011000010110011 0.41589648798521256 0.5009242144177449 0.06839186691312385 0.014787430683918669 541
1000000010001011 0.46322067594433397 0.46123260437375746 0.05765407554671968 0.017892644135188866 503
0100000000100011 0.9504814305364512 0.0068775790921595595 0.03163686382393398 0.011004126547455296 727
0000100100001010 0.16265060240963855 0.8147590361445783 0.006024096385542169 0.016566265060240965 664
0000011000010010 0.9653284671532847 0.020072992700729927 0.005474452554744526 0.009124087591240875 548
0000001100111001 0.14420803782505912 0.8250591016548463 0.018912529550827423 0.01182033096926714 423
0000010010100000 0.6332665330661322 0.0 0.3667334669338677 0.0 499
0010000000001010 0.8794835007173601 0.09612625538020086 0.015781922525107604 0.00860832137733142 697
0000100000011001 0.2576530612244898 0.5102040816326531 0.2193877551020408 0.012755102040816327 392
0111000000110011 0.9853157121879589 0.0 0.010279001468428781 0.004405286343612335 681
0000101010111010 0.3576086956521739 0.22391304347826088 0.4108695652173913 0.007608695652173913 920
0000010100110001 0.9519572953736655 0.02491103202846975 0.012455516014234875 0.010676156583629894 562
0000000100011001 0.13793103448275862 0.8150470219435737 0.032915360501567396 0.014106583072100314 638
0100000010100001 0.9634782608695652 0.010434782608695653 0.022608695652173914 0.0034782608695652175 575
0000000100000100 0.8722466960352423 0.019823788546255508 0.10572687224669604 0.0022026431718061676 454
0000100010101010 0.6992337164750958 0.01532567049808429 0.0038314176245210726 0.28160919540229884 522
0000000110010000 0.9482323232323232 0.003787878787878788 0.045454545454545456 0.0025252525252525255 792
0000101010100011 0.10472972972972973 0.847972972972973 0.013513513513513514 0.033783783783783786 296
0000100000010001 0.657608695652174 0.010869565217391304 0.01358695652173913 0.3179347826086957 368
0000001000001001 0.4519906323185012 0.5128805620608899 0.01639344262295082 0.01873536299765808 854
0011000000110010 0.46292134831460674 0.4606741573033708 0.056179775280898875 0.020224719101123594 445
0000000100000101 0.873015873015873 0.024943310657596373 0.09297052154195011 0.009070294784580499 441
0010000000000011 0.9111111111111111 0.06666666666666667 0.01746031746031746 0.004761904761904762 630
0000100010111011 0.6204188481675392 0.007853403141361256 0.002617801047120419 0.36910994764397903 382
1111000010111011 0.9844559585492227 0.0017271157167530224 0.010362694300518135 0.0034542314335060447 579
1011000010111000 0.5148342059336823 0.4363001745200698 0.041884816753926704 0.006980802792321117 573
1100000010011011 0.9712230215827338 0.014388489208633094 0.01079136690647482 0.0035971223021582736 556
1000000010001010 0.408130081300813 0.526829268292683 0.05365853658536585 0.011382113821138212 615
0000010010011001 0.9536 0.0224 0.0112 0.0128 625
1111000010110000 0.9809104258443465 0.007342143906020558 0.00881057268722467 0.002936857562408223 681
1001000010011010 0.4530120481927711 0.4578313253012048 0.07710843373493977 0.012048192771084338 415
0101000000010010 0.9733777038269551 0.013311148086522463 0.004991680532445923 0.008319467554076539 601
0000010010011000 0.9416058394160584 0.03102189781021898 0.01824817518248175 0.009124087591240875 548
1000000000001011 0.9002659574468085 0.07579787234042554 0.018617021276595744 0.005319148936170213 752
1010000010100010 0.4732937685459941 0.4629080118694362 0.057863501483679525 0.005934718100890208 674
1010000000001011 0.9448275862068966 0.03620689655172414 0.01206896551724138 0.006896551724137931 580
0000000110110001 0.3915574963609898 0.2066957787481805 0.38573508005822416 0.01601164483260553 687
0000001000101001 0.09171597633136094 0.8431952662721893 0.023668639053254437 0.04142011834319527 338
0000001100001010 0.27986348122866894 0.6945392491467577 0.015358361774744027 0.010238907849829351 586
1010000000001010 0.9519230769230769 0.0260989010989011 0.016483516483516484 0.005494505494505495 728
0000000100010011 0.06653992395437262 0.8973384030418251 0.022813688212927757 0.013307984790874524 526
0000100000001100 0.7668161434977578 0.09641255605381166 0.13004484304932734 0.006726457399103139 446
0000001000000100 0.8917525773195877 0.007731958762886598 0.10051546391752578 0.0 388
1100000010010010 0.9752380952380952 0.013333333333333334 0.005714285714285714 0.005714285714285714 525
0010000000100001 0.5242494226327945 0.43187066974595845 0.03464203233256351 0.009237875288683603 433
0000110010011001 0.9607142857142857 0.010714285714285714 0.019642857142857142 0.008928571428571428 560
1101000010011011 0.9799196787148594 0.010040160642570281 0.006024096385542169 0.004016064257028112 498
0100000000010000 0.8761261261261262 0.038288288288288286 0.08558558558558559 0.0 444
0001000000110000 0.779746835443038 0.005063291139240506 0.21518987341772153 0.0 395
1000000010100000 0.610236220472441 0.0 0.38779527559055116 0.001968503937007874 508
0000100100000000 0.9455782312925171 0.03537414965986395 0.009523809523809525 0.009523809523809525 735
0000001000110011 0.654690618762475 0.033932135728542916 0.00998003992015968 0.3013972055888224 501
1000000010010010 0.5154185022026432 0.43171806167400884 0.04405286343612335 0.00881057268722467 227
0000110010011000 0.9522935779816514 0.025688073394495414 0.009174311926605505 0.012844036697247707 545
0001000000100000 0.8763326226012793 0.0 0.12153518123667377 0.0021321961620469083 469
0000001100100010 0.5891089108910891 0.019801980198019802 0.007425742574257425 0.38366336633663367 404
0000000100010010 0.08200455580865604 0.8656036446469249 0.03189066059225513 0.02050113895216401 439
0000100000010000 0.9104859335038363 0.0076726342710997444 0.07033248081841433 0.011508951406649617 782
1110000010101011 0.9630931458699473 0.008787346221441126 0.022847100175746926 0.005272407732864675 569
0010000000010000 0.83125 0.0 0.16458333333333333 0.004166666666666667 480
0000101010100010 0.13423831070889894 0.8235294117647058 0.024132730015082957 0.01809954751131222 663
0000001000000101 0.4972067039106145 0.43575418994413406 0.0670391061452514 0.0 179
0000001100110001 0.05615942028985507 0.8894927536231884 0.03804347826086957 0.016304347826086956 552
0000101100110011 0.6310679611650486 0.025889967637540454 0.009708737864077669 0.3333333333333333 309
0000010000111000 0.8262108262108262 0.1225071225071225 0.045584045584045586 0.005698005698005698 351
0100000000000100 0.8802992518703242 0.0199501246882793 0.08977556109725686 0.00997506234413965 401
0000110000001001 0.9541284403669725 0.023853211009174313 0.014678899082568808 0.007339449541284404 545
1000000010110000 0.6169154228855721 0.0 0.3781094527363184 0.004975124378109453 402
0000001100111011 0.1163141993957704 0.8353474320241692 0.027190332326283987 0.021148036253776436 662
0000000101000001 0.9003690036900369 0.07749077490774908 0.014760147601476014 0.007380073800738007 271
0000100010001011 0.0641025641025641 0.8824786324786325 0.038461538461538464 0.014957264957264958 468
0001000000011001 0.33875338753387535 0.5447154471544715 0.0975609756097561 0.018970189701897018 369
0000001000010001 0.6048387096774194 0.016129032258064516 0.008064516129032258 0.3709677419354839 372
0010000000001001 0.9188191881918819 0.06826568265682657 0.00922509225092251 0.0036900369003690036 542
1000000010011000 0.3048245614035088 0.3048245614035088 0.3881578947368421 0.0021929824561403508 456
0000101000100010 0.5546666666666666 0.032 0.010666666666666666 0.4026666666666667 375
0000100010000001 0.09647058823529411 0.7529411764705882 0.03529411764705882 0.11529411764705882 425
0000000110001000 0.5489614243323442 0.04154302670623145 0.005934718100890208 0.4035608308605341 337
0000100110011011 0.03535353535353535 0.9191919191919192 0.03282828282828283 0.012626262626262626 396
0000100010010010 0.21818181818181817 0.6636363636363637 0.05454545454545454 0.06363636363636363 110
1010000000100010 0.4688995215311005 0.004784688995215311 0.019138755980861243 0.507177033492823 209
0101000000000001 0.3324538258575198 0.6517150395778364 0.0079155672823219 0.0079155672823219 379
0000101100000010 0.07709750566893424 0.8888888888888888 0.0045351473922902496 0.02947845804988662 441
0000001000110000 0.9020501138952164 0.018223234624145785 0.07289293849658314 0.00683371298405467 439
0000000100011010 0.08982035928143713 0.8562874251497006 0.03293413173652695 0.020958083832335328 334
0000101110110011 0.1092896174863388 0.8415300546448088 0.04007285974499089 0.009107468123861567 549
0000100110001000 0.4843205574912892 0.024390243902439025 0.006968641114982578 0.4843205574912892 287
1010000010101001 0.46357615894039733 0.47240618101545256 0.04194260485651214 0.02207505518763797 453
0000101010101001 0.06334841628959276 0.9027149321266968 0.013574660633484163 0.020361990950226245 442
0000001100010010 0.09574468085106383 0.7978723404255319 0.06914893617021277 0.03723404255319149 188
0000110000001000 0.8936170212765957 0.07801418439716312 0.02127659574468085 0.0070921985815602835 282
0000000100011011 0.15151515151515152 0.7878787878787878 0.030303030303030304 0.030303030303030304 429
0001000010000000 0.8362919132149902 0.0019723865877712033 0.16173570019723865 0.0 507
0001000000011000 0.5568181818181818 0.3494318181818182 0.07386363636363637 0.019886363636363636 352
0000100010000010 0.17118997912317327 0.7766179540709812 0.025052192066805846 0.027139874739039668 479
1001000010010011 0.4770408163265306 0.45153061224489793 0.05612244897959184 0.015306122448979591 392
1100000010001001 0.9681208053691275 0.0050335570469798654 0.02348993288590604 0.003355704697986577 596
1001000010011000 0.5064935064935064 0.43073593073593075 0.05194805194805195 0.010822510822510822 462
0010000000101010 0.3882863340563991 0.5162689804772235 0.08676789587852494 0.008676789587852495 461
0000100110010000 0.9247311827956989 0.02956989247311828 0.021505376344086023 0.024193548387096774 372
0000101010001000 0.5296052631578947 0.039473684210526314 0.009868421052631578 0.42105263157894735 304
0000101110110000 0.9284116331096197 0.042505592841163314 0.008948545861297539 0.020134228187919462 447
0000001101000011 0.9715302491103203 0.010676156583629894 0.017793594306049824 0.0 281
0000100010001010 0.07246376811594203 0.8822463768115942 0.03260869565217391 0.012681159420289856 552
0111000000001000 0.853035143769968 0.12779552715654952 0.01597444089456869 0.003194888178913738 313
0000100011001000 0.9550561797752809 0.0 0.03932584269662921 0.0056179775280898875 178
0101000000001000 0.7463414634146341 0.23658536585365852 0.00975609756097561 0.007317073170731708 410
0000001010110000 0.9049180327868852 0.009836065573770493 0.07868852459016394 0.006557377049180328 305
0000100010100000 0.8609406952965235 0.0081799591002045 0.11860940695296524 0.012269938650306749 489
0001000000110001 0.13392857142857142 0.05357142857142857 0.8125 0.0 112
0010000000101000 0.49888641425389757 0.39198218262806234 0.0935412026726058 0.015590200445434299 449
0000011000000010 0.8925925925925926 0.07037037037037037 0.03333333333333333 0.003703703703703704 270
0000101000000011 0.15220949263502456 0.8297872340425532 0.004909983633387889 0.01309328968903437 611
0000010110000000 0.7615384615384615 0.0038461538461538464 0.22692307692307692 0.007692307692307693 260
1000000010101010 0.7364705882352941 0.0 0.01411764705882353 0.24941176470588236 425
0010000000101011 0.4843205574912892 0.43205574912891986 0.06968641114982578 0.013937282229965157 287
0000101010110001 0.0912863070539419 0.8340248962655602 0.03734439834024896 0.03734439834024896 241
0000001000100001 0.07865168539325842 0.8719101123595505 0.029213483146067417 0.020224719101123594 445
0000000100010101 0.9120879120879121 0.0 0.08424908424908426 0.003663003663003663 273
0010000010000000 0.791814946619217 0.0 0.20106761565836298 0.0071174377224199285 562
0000001010001000 0.6175548589341693 0.0219435736677116 0.006269592476489028 0.3542319749216301 319
0000100000100010 0.6051136363636364 0.019886363636363636 0.005681818181818182 0.3693181818181818 352
1010000010110011 0.3630573248407643 0.5286624203821656 0.06369426751592357 0.044585987261146494 157
0100000001000000 0.9838709677419355 0.004032258064516129 0.012096774193548387 0.0 248
0000000100110010 0.1188118811881188 0.801980198019802 0.054455445544554455 0.024752475247524754 202
1000000000110000 0.7772151898734178 0.0 0.22025316455696203 0.002531645569620253 395
0000100100000011 0.163003663003663 0.8186813186813187 0.005494505494505495 0.01282051282051282 546
0000010100000001 0.896774193548387 0.05806451612903226 0.04086021505376344 0.004301075268817204 465
1011000010110010 0.5903361344537815 0.35294117647058826 0.04201680672268908 0.014705882352941176 476
0000100010001100 0.8237410071942446 0.014388489208633094 0.14028776978417265 0.02158273381294964 278
