000000000000000000000000 0.9996556662144251 2.377084792675611e-05 0.00031465457660272535 5.9083610453786865e-06 7277822
000100000000000000000000 0.9996274489751195 0.00012418367496018818 0.00023375750580741304 1.4609844112963315e-05 136894
100000000000000000000000 0.9995221527020771 5.226454821031254e-05 0.000425582749712545 0.0 133934
001000000000000000000000 0.999589303982258 6.720480290324748e-05 0.0003360240145162374 7.467200322583054e-06 133919
000000100000000000000000 0.9994904186862282 3.5552184681748695e-05 0.00045032767263548343 2.370145645449913e-05 84383
000000000100000000000000 0.9991386099625911 0.0003691671588895452 0.0004676117345934239 2.461114392596968e-05 81264
000000001000000000000000 0.9995930291710876 4.3604017383468266e-05 0.0003633668115289022 0.0 68801
000000010000000100000000 0.9781723064896799 4.5098540310578614e-05 0.021752529276469083 3.0065693540385743e-05 66521
000000010000000000000000 0.9769000706373897 1.5029231855959843e-05 0.023069870898898358 1.5029231855959843e-05 66537
000000000010001000000000 0.9795459693015315 1.7422513371779014e-05 0.020436608185096784 0.0 57397
000000000010000000000000 0.9793358190751646 0.0 0.020646757500784055 1.742342405129456e-05 57394
010000000000000000000000 0.9822781166225869 0.0173800399417067 0.00025188463683632897 8.995879887011749e-05 55581
010000000000000000000100 0.9810039477020028 0.018489008004056354 0.00045271811959001846 5.4326174350802216e-05 55222
000000000001001100000000 0.9993548777291696 2.016007096344979e-05 0.0006249621998669435 0.0 49603
000000000001000000000000 0.9996154001862273 8.096838184688879e-05 0.00030363143192583294 0.0 49402
000010000000000000001000 0.9849677115853398 0.014754308685797374 0.0002565966727964761 2.1383056066373005e-05 46766
000010000000000000000000 0.9859463366926053 0.01373474507802866 0.0002763957987838585 4.2522430582132073e-05 47034
000001000000000000001100 0.9996286176618829 0.00010610923946202616 0.0002652730986550654 0.0 37697
000001000000000000000000 0.9994373894872207 0.00024111879119112682 0.0002679097679901409 5.3581953598028186e-05 37326
110000000000000000000100 0.9917596867512126 0.007831219683244696 0.0004090935655426334 0.0 17111
011000000000000000000000 0.9914142618650131 0.008227999046029097 0.0003577390889577868 0.0 16772
101000000000000000000000 0.9992601726263872 0.0004315659679408138 0.0002466091245376079 6.165228113440197e-05 16220
000110000000000000001000 0.9851576994434137 0.014266521655684218 0.0005757789009020536 0.0 15631
000000110000000100000000 0.9774832645885455 6.76178240584218e-05 0.022381499763337614 6.76178240584218e-05 14789
000110000000000000000000 0.9861499364675985 0.013468869123252859 0.00025412960609911054 0.00012706480304955527 15740
000000110000000000000000 0.9770435967302452 0.00013623978201634878 0.02282016348773842 0.0 14680
000000000110000000000000 0.979517625231911 7.421150278293135e-05 0.02040816326530612 0.0 13475
000000000110001000000000 0.9789288849868305 7.316359379572725e-05 0.02092478782557799 7.316359379572725e-05 13668
000000101000000000000000 0.9992094236698553 0.0001581152660289351 0.0006324610641157403 0.0 12649
110000000000000000000000 0.9629629629629629 0.0364318566932946 0.0002420721374969741 0.00036310820624546115 8262
011000000000000000000100 0.9639693559971271 0.0355518314579842 0.00011970313622216902 0.0003591094086665071 8354
000111000000000000000100 0.9942476536481986 0.004238570996064184 0.0012110202845897668 0.0003027550711474417 6606
000011000000000000000000 0.9948364888123924 0.00444635685599541 0.000717154331612163 0.0 6972
111000000000000000000000 0.9797565312542744 0.01928600738613049 0.000683900971139379 0.0002735603884557516 7311
000101000000000000001100 0.9991397849462366 0.0005734767025089606 0.0002867383512544803 0.0 6975
000101000000000000000000 0.9989053092501369 0.0009578544061302681 0.00013683634373289546 0.0 7308
000000111000000100000000 0.9761097659402744 0.0 0.023728813559322035 0.00016142050040355126 6195
000000000111000000000000 0.9952755905511811 0.0008748906386701663 0.003674540682414698 0.00017497812773403323 5715
111000000000000000000100 0.9821166421993861 0.01761644201254504 0.0002669157880688643 0.0 7493
000000111000000000000000 0.9771419437340153 0.00015984654731457802 0.022698209718670075 0.0 6256
000011000000000000000100 0.99490538573508 0.0042212518195050945 0.0008733624454148472 0.0 6870
000000101000000000101100 0.9891800507185122 0.010312764158918006 0.0005071851225697379 0.0 5915
000000100000000000100000 0.973207948899929 0.024485450674237047 0.0019517388218594747 0.00035486160397445 5636
000000000111000100000000 0.9958085923856095 0.001047851903597625 0.0031435557107928748 0.0 5726
000000000011000000000000 0.9935323383084577 0.001658374792703151 0.004809286898839138 0.0 6030
010000000000000000100100 0.9772138788192646 0.021750388399792854 0.0008631106507854307 0.00017262213015708613 5793
000000000100000000000100 0.8539399934058688 0.14160896801846357 0.00280250576986482 0.0016485328058028356 6066
000000011000000000000000 0.9782767167225543 0.0 0.02172328327744569 0.0 6859
000000000101001100000000 0.9987002437043054 0.00016246953696181965 0.0011372867587327376 0.0 6155
000000001000000000001000 0.9145015662428597 0.08402432283029299 0.0009213193292795283 0.000552791597567717 5427
010000000000000000001100 0.9788683199441146 0.019909186168354874 0.0008732099196646874 0.00034928396786587494 5726
000000011000001100000000 0.9971271247306679 0.00023940627244433804 0.0026334689968877186 0.0 4177
000000001000000000001100 0.9838182666874125 0.015092578185778745 0.0010891551268087756 0.0 6427
000000100000000000100100 0.9833199679230152 0.015557337610264635 0.0009623095429029671 0.00016038492381716118 6235
000000000101000000000000 0.9990139687756779 0.0 0.0009860312243221035 0.0 6085
000000011000000100000000 0.9784882864299396 0.0 0.02151171357006041 0.0 6787
000000000011000100000000 0.9935526533311291 0.000991899487518598 0.0054554471813522895 0.0 6049
000111000000000000000000 0.9942153663601305 0.0051913378819341445 0.0005932957579353308 0.0 6742
110000000000000000100100 0.9977546438048581 0.0020412329046744235 0.00020412329046744235 0.0 4899
000000010000001100000000 0.9763779527559056 0.00018311664530305805 0.02343893059879143 0.0 5461
000100000000000100000000 0.9071009996552912 0.0018958979662185454 0.09100310237849017 0.0 5802
000000010000100100000000 0.9761508596783139 0.00018487705675725643 0.023479386208171565 0.00018487705675725643 5409
001000000000000000001000 0.9799818016378526 0.018880800727934487 0.0009099181073703367 0.00022747952684258417 4396
000100000000000000000100 0.8670745272525028 0.12829069336299592 0.0033370411568409346 0.0012977382276603633 5394
100000000000100000000000 0.9837888784165881 0.00018850141376060322 0.016022620169651274 0.0 5305
001000000000001000000000 0.982839313572543 0.0 0.0171606864274571 0.0 5128
011000000000000000001100 0.997071129707113 0.002719665271966527 0.0 0.00020920502092050208 4780
000100000000101100000000 0.9578733949087632 0.0004505519261094841 0.04145077720207254 0.00022527596305474206 4439
000000000100000100000000 0.9158046668270388 0.005773394274717345 0.07818138080346404 0.00024055809477988935 4157
000100000000001100000000 0.9648929123426805 0.0006623978803267829 0.03422389048355045 0.00022079929344226098 4529
000000101000101000101000 0.9961812627291242 0.0002545824847250509 0.0007637474541751527 0.00280040733197556 3928
000000100000100100100100 0.9955763086753502 0.0007372818874416319 0.002457606291472106 0.001228803145736053 4069
000010000000000000100100 0.995615957913196 0.003726435773783428 0.000657606313020605 0.0 4562
010000000000000000101100 0.9699959726137737 0.02899718082964156 0.0008054772452678212 0.0002013693113169553 4966
000000000100000000001100 0.9596258000984736 0.03914327917282127 0.0007385524372230429 0.0004923682914820286 4062
000000110000100100000000 0.9974542929877344 0.0 0.0025457070122656793 0.0 4321
000100000000100100000000 0.9630121816168328 0.0 0.03698781838316722 0.0 4515
000000010000101100000000 0.9602879702740362 0.00023223409196470042 0.039479795633999074 0.0 4306
000000000100000100000100 0.979628674574523 0.006962351727694688 0.005157297576070139 0.008251676121712223 3878
000000001000001000001000 0.9874723655121592 0.0036845983787767134 0.0019651191353475803 0.006877916973716531 4071
000000000100001100001100 0.994060475161987 0.0008099352051835853 0.0016198704103671706 0.003509719222462203 3704
100000000000000000100000 0.9839459231094212 0.014152936206168145 0.0016899028305872412 0.00021123785382340515 4734
000000000100101100101100 0.9950110864745011 0.0005543237250554324 0.0005543237250554324 0.003880266075388027 3608
000000001000001100001100 0.9980183304433986 0.0 0.0007431260837255387 0.0012385434728758979 4037
000000111000101100000000 0.9976574700676731 0.0002602811035918792 0.002082248828735034 0.0 3842
000000100000100000100000 0.9930555555555556 0.001736111111111111 0.000496031746031746 0.004712301587301587 4032
111000000000000000101100 0.9978415713360673 0.00151090006475286 0.0006475285991797971 0.0 4633
000100000000100100100100 0.996978149697815 0.00046490004649000463 0.00046490004649000463 0.0020920502092050207 4302
000100000000101100101100 0.9935775451950524 0.0007136060894386299 0.0004757373929590866 0.005233111322549952 4204
000000000100000000101100 0.958555809814391 0.039410119501652685 0.001779811848461734 0.0002542588354945334 3933
000100000000001100001100 0.996309963099631 0.00023062730627306272 0.0009225092250922509 0.00253690036900369 4336
000000101000000000101000 0.9689562454167685 0.030310437545832316 0.0007333170373991689 0.0 4091
000000000010100100000000 0.9959903769045709 0.0002673082063619353 0.003475006682705159 0.0002673082063619353 3741
001000000000000000010000 0.5324061196105703 0.0008344923504867872 0.46648122392211405 0.0002781641168289291 3595
100000000000000000010000 0.5573187414500684 0.0013679890560875513 0.44131326949384403 0.0 3655
010000000000100000000100 0.9742355605889015 0.005379388448471121 0.019535673839184597 0.0008493771234428086 3532
000000000100000000100100 0.9617334009123163 0.03725291434363913 0.0007602635580334517 0.00025342118601115053 3946
000110000000000000100100 0.9984072810011376 0.0013651877133105802 0.00022753128555176336 0.0 4395
000100000000000000010000 0.5436314363143632 0.001084010840108401 0.4550135501355014 0.00027100271002710027 3690
010000000000001000000100 0.9771595900439238 0.004099560761346999 0.01815519765739385 0.0005856515373352855 3415
000000000100100100100100 0.9959590517241379 0.00026939655172413793 0.0008081896551724138 0.002963362068965517 3712
110000000000100000000100 0.9952727272727273 0.0007272727272727272 0.002909090909090909 0.001090909090909091 2750
000000100000100000000000 0.9833809400155804 0.0 0.01661905998441963 0.0 3851
001000000000000000000010 0.5379331876365907 0.0009366219169528567 0.4608179831408055 0.00031220730565095225 3203
000000010000000100100000 0.9692017598994344 0.018227529855436832 0.010370835952231301 0.0021998742928975488 3182
100000000000000000000100 0.7427701674277016 0.25296803652968036 0.0024353120243531205 0.0018264840182648401 3285
000100000000000000000010 0.5274418604651163 0.000310077519379845 0.471937984496124 0.000310077519379845 3225
100000000000000100000000 0.8920504546787914 0.0 0.10765620416544441 0.0002933411557641537 3409
100000000000001000000000 0.9848857644991212 0.0 0.015114235500878734 0.0 2845
001000000000000000000100 0.7376252657151534 0.25873064075311264 0.0018220467658669906 0.0018220467658669906 3293
011000000000001000000100 0.9941972920696325 0.0019342359767891683 0.0019342359767891683 0.0019342359767891683 2585
000000001000001000000000 0.976962457337884 0.0002844141069397042 0.022753128555176336 0.0 3516
100000000000100000100000 0.9915492957746479 0.002414486921529175 0.004024144869215292 0.002012072434607646 2485
000000000110100100000000 0.9975158708252829 0.0002760143527463428 0.0022081148219707425 0.0 3623
001000000000000000001100 0.9784791965566715 0.019368723098995694 0.0014347202295552368 0.0007173601147776184 2788
000100000000100000000000 0.9566563467492261 0.0003439972480220158 0.042999656002751976 0.0 2907
000010000000100100000000 0.9985928705440901 0.0 0.0009380863039399625 0.00046904315196998124 2132
111000000000101100101100 0.9781512605042016 0.0004201680672268908 0.02100840336134454 0.0004201680672268908 2380
000000010000000100001000 0.9712470745570043 0.01671681711802073 0.009361417586091608 0.0026746907388833165 2991
010000000000001000001100 0.9776148205326128 0.0015438054805094559 0.01968351987649556 0.0011578541103820917 2591
100000000000000000100100 0.9759725400457666 0.021739130434782608 0.0019069412662090007 0.00038138825324180017 2622
101000000000101000000000 0.9740596627756161 0.0 0.02594033722438392 0.0 2313
000000101000101100101100 0.9953881629515757 0.0005124263387138099 0.0015372790161414297 0.0025621316935690495 3903
110000000000100000100100 0.9777043765483072 0.0008257638315441783 0.02023121387283237 0.0012386457473162675 2422
001000000000000100000000 0.9005457853244391 0.0 0.09945421467556094 0.0 3298
000100000000001000000000 0.9547270306258322 0.00033288948069241014 0.044940079893475364 0.0 3004
000100000000000000101100 0.9572 0.04 0.0012 0.0016 2500
101000000000000000101100 0.981686541737649 0.01746166950596252 0.0008517887563884157 0.0 2348
011000000000001100001100 0.9768690623709211 0.0004130524576621231 0.022304832713754646 0.0004130524576621231 2421
000100000000000000100100 0.956912701386287 0.04008992131884601 0.0018733608092918695 0.0011240164855751218 2669
111000000000101000101100 0.9781328847771237 0.00042052144659377626 0.02060555088309504 0.0008410428931875525 2378
000010000000100100100100 0.9880843263061412 0.0009165902841429881 0.010999083409715857 0.0 2182
000100000000000000001100 0.9619337647506662 0.03654358583936049 0.0015226494099733537 0.0 2627
100000000000000000000010 0.5413416536661466 0.0006240249609984399 0.4577223088923557 0.00031201248049921997 3205
010000000000100100000000 0.9756399669694468 0.002064409578860446 0.022295623451692816 0.0 2422
101000000000101000101000 0.9946761313220941 0.00044365572315882877 0.0026619343389529724 0.0022182786157941437 2254
000000000100000000010000 0.5431588613406795 0.005509641873278237 0.45041322314049587 0.0009182736455463728 2178
000000000001000100000000 0.5100401606425703 0.0004462293618920125 0.4895136099955377 0.0 2241
000000111000101100101100 0.9749488752556237 0.023517382413087935 0.0005112474437627812 0.0010224948875255625 1956
000000100000000100000000 0.7621878715814506 0.0 0.2374157748711851 0.00039635354736424893 2523
000110000000100100000000 0.9961464354527938 0.0004816955684007707 0.001445086705202312 0.0019267822736030828 2076
010000000000101100101100 0.9745250431778929 0.0004317789291882556 0.022452504317789293 0.0025906735751295338 2316
110000000000100100100100 0.9751963621331129 0.0012401818933443572 0.02232327408019843 0.0012401818933443572 2419
000111000000000100000100 0.985445205479452 0.003424657534246575 0.009845890410958904 0.0012842465753424657 2336
000111000000000100000000 0.9889408762228838 0.0038281582305401958 0.006805614632071459 0.0004253509145044662 2351
100000000000100100100100 0.998215082552432 0.0004462293618920125 0.0004462293618920125 0.000892458723784025 2241
000011000000000100000100 0.987557030277893 0.0037328909166321027 0.00829531314807134 0.00041476565740356696 2411
100000000000100100000000 0.9736735520453625 0.0008100445524503848 0.02551640340218712 0.0 2469
000000110000000100100000 0.99128160418483 0.003923278116826504 0.003923278116826504 0.0008718395815170009 2294
000110000000100100100100 0.9764868603042877 0.0004610419548178884 0.022591055786076533 0.0004610419548178884 2169
000000111000000000101100 0.9956500724987917 0.0028999516674722086 0.0004833252779120348 0.0009666505558240696 2069
000100000000000100000100 0.9718723761544921 0.005037783375314861 0.008816120906801008 0.014273719563392108 2382
000000001000000100000000 0.8225966303270565 0.0 0.17690782953419226 0.0004955401387512388 2018
101000000000101100000000 0.9744769874476987 0.0008368200836820083 0.024686192468619247 0.0 2390
000000010000001100001000 0.9741298212605832 0.01881467544684854 0.0023518344308560675 0.004703668861712135 2126
001000000000000000000001 0.9933929265448892 0.000777302759424796 0.0058297706956859695 0.0 2573
110000000000100100000000 0.9975175837815474 0.0008274720728175424 0.0012412081092263137 0.0004137360364087712 2417
000100000000000000000001 0.9951072638313888 0.0007527286413248024 0.0041400075272864136 0.0 2657
100000000000000000000001 0.9968774395003903 0.0 0.00312256049960968 0.0 2562
000000011000001100001100 0.9736174530695079 0.0228310502283105 0.0010147133434804667 0.0025367833587011668 1971
000001000000001100000000 0.997250229147571 0.00045829514207149406 0.00229147571035747 0.0 2182
000000010000000100101000 0.9545454545454546 0.0382996632996633 0.004208754208754209 0.002946127946127946 2376
000000011000001100001000 0.9784172661870504 0.016786570743405275 0.002398081534772182 0.002398081534772182 2085
000000101000101000000000 0.9702209414024976 0.0009606147934678194 0.028338136407300672 0.0004803073967339097 2082
101000000000000000101000 0.9838442419221209 0.015327257663628831 0.0008285004142502071 0.0 2414
011000000000001000001100 0.9783761729906161 0.0 0.02039983680130559 0.0012239902080783353 2451
000110000000101100001000 0.9969338589575121 0.0004380201489268506 0.001314060446780552 0.001314060446780552 2283
000000000101000000001100 0.9984218832193582 0.0010520778537611783 0.0005260389268805891 0.0 1901
010000000000000000000010 0.44383727990285365 0.10443230115361263 0.3679417122040073 0.08378870673952642 1647
000000010000100100100100 0.9708102667337695 0.021640664318067437 0.003019627579265224 0.004529441368897836 1987
000000000100100100000000 0.9481253210066769 0.0005136106831022085 0.05136106831022085 0.0 1947
000000011000000000001100 0.9970817120622568 0.0014591439688715954 0.0014591439688715954 0.0 2056
000000100000001000000000 0.9841269841269841 0.0 0.015873015873015872 0.0 1827
010000000000101000101100 0.9717391304347827 0.0 0.02608695652173913 0.002173913043478261 2300
000101000000001100001100 0.9981718464351006 0.0 0.0018281535648994515 0.0 2188
000000101000101100000000 0.9760421657882128 0.0 0.023957834211787255 0.0 2087
000000010000000000101100 0.9514010507880911 0.03415061295971979 0.01138353765323993 0.003064798598949212 2284
000000000010001000101100 0.9915254237288136 0.004985044865403789 0.0024925224327018943 0.0009970089730807576 2006
001000000000001000001000 0.9920255183413078 0.0027910685805422647 0.0027910685805422647 0.0023923444976076554 2508
000000000100001000000000 0.8289797930014786 0.0 0.17102020699852144 0.0 2029
000000000010000000100100 0.9925962487660415 0.005429417571569595 0.0004935834155972359 0.0014807502467917078 2026
000000010000000000001100 0.954995499549955 0.026552655265526554 0.01485148514851485 0.0036003600360036 2222
000000100000000000010000 0.5478415665331553 0.0008900756564307966 0.4512683578104139 0.0 2247
000000001000001100000000 0.9740018570102136 0.00046425255338904364 0.0255338904363974 0.0 2154
000100000000000000001000 0.879021879021879 0.11625911625911627 0.002574002574002574 0.002145002145002145 2331
000000111000000100101000 0.9903209373408048 0.006113092205807438 0.0015282730514518594 0.0020376974019358125 1963
000000010000000000100100 0.9596330275229358 0.02522935779816514 0.012385321100917432 0.0027522935779816515 2180
001000000000000000100000 0.9748216533780948 0.0209819555182543 0.0029374737725556023 0.001258917331095258 2383
000000000110100100100100 0.9836756187467088 0.014218009478672985 0.00210637177461822 0.0 1899
111000000000101100000000 0.9968021927820923 0.00045682960255824577 0.0022841480127912287 0.00045682960255824577 2189
101000000000101100101100 0.9948453608247423 0.000429553264604811 0.003006872852233677 0.001718213058419244 2328
111000000000101000000100 0.9957859249894648 0.00042140750105351877 0.0029498525073746312 0.0008428150021070375 2373
000000100000000000000010 0.5270684371807968 0.0 0.4724208375893769 0.0005107252298263534 1958
000000110000100100100100 0.9808245445829339 0.014860977948226271 0.0009587727708533077 0.003355704697986577 2086
010000000000101000000100 0.9542561654733492 0.002386634844868735 0.042561654733492445 0.0007955449482895784 2514
010000000000001100000000 0.976381273724167 0.0008435259384226065 0.02066638549135386 0.002108814846056516 2371
000000110000000000100100 0.9922891566265061 0.0038554216867469878 0.0019277108433734939 0.0019277108433734939 2075
000000000010001000010000 0.5278287461773701 0.0012232415902140672 0.4703363914373089 0.0006116207951070336 1635
001000000000001100000000 0.9713147410358566 0.001195219123505976 0.02749003984063745 0.0 2510
000110000000101100100100 0.9751952227836472 0.0013780431786862655 0.023426734037666513 0.0 2177
010000000000101100000000 0.9576767221972085 0.0009004952723998199 0.04007203962179198 0.0013507429085997298 2221
000001000000001100001100 0.9990880072959416 0.00045599635202918376 0.00045599635202918376 0.0 2193
000000100000100100000000 0.9708552317247969 0.0009555661729574773 0.02818920210224558 0.0 2093
000000000001000000001100 0.9949748743718593 0.0035175879396984926 0.0010050251256281408 0.0005025125628140704 1990
000101000000001100000000 0.998592210229939 0.0 0.0014077897700610043 0.0 2131
000000000010000100000000 0.8617984308992155 0.0006035003017501509 0.1375980687990344 0.0 1657
000000000010100100101100 0.9860515021459227 0.0101931330472103 0.003218884120171674 0.000536480686695279 1864
000000000111000000000100 0.9813760993274703 0.012933264355923435 0.005173305742369374 0.0005173305742369374 1933
010000000000000000000110 0.46272935779816515 0.10206422018348624 0.356651376146789 0.07855504587155963 1744
100000000000000000001000 0.9644249512670565 0.031189083820662766 0.003898635477582846 0.0004873294346978557 2052
000000000110000000100100 0.9936675461741424 0.002638522427440633 0.0015831134564643799 0.0021108179419525065 1895
000001000000000000000100 0.5351826792963464 0.459404600811908 0.0033829499323410014 0.0020297699594046007 1478
000010000000000000010000 0.464572680788897 0.07523739956172389 0.40686632578524473 0.053323593864134405 1369
010000000000100000100100 0.9752593774940144 0.0015961691939345571 0.020351157222665603 0.002793296089385475 2506
000000000100100000000000 0.9631728045325779 0.0 0.036827195467422094 0.0 1765
010000000000001100001100 0.9708179202630497 0.0008220304151253596 0.025893958076448828 0.002466091245376079 2433
000000111000101100101000 0.9817283950617284 0.016296296296296295 0.0004938271604938272 0.0014814814814814814 2025
000000000001001100001100 0.9949545913218971 0.004036326942482341 0.0010090817356205853 0.0 1982
000000000001001000000000 0.490613266583229 0.0 0.509386733416771 0.0 2397
000000010000000000000100 0.7046285018270402 0.23995127892813642 0.04689403166869671 0.008526187576126675 1642
000000010000100100100000 0.9771300448430493 0.015246636771300448 0.003587443946188341 0.004035874439461884 2230
000000010000001100001100 0.9712505989458553 0.022520364159080018 0.0014374700527072352 0.004791566842357451 2087
000000110000100100100000 0.9848413074372335 0.01231643770724775 0.0014211274277593558 0.0014211274277593558 2111
000000000011000100000100 0.9828801611278952 0.012588116817724069 0.0030211480362537764 0.0015105740181268882 1986
000001000000000000001000 0.4803725881570193 0.5149700598802395 0.00332667997338656 0.0013306719893546241 1503
000000000010100100100100 0.9871794871794872 0.012286324786324786 0.0005341880341880342 0.0 1872
000000010000000100010000 0.546704871060172 0.0 0.45272206303724927 0.0005730659025787965 1745
000000010000000000010000 0.5494938132733408 0.0005624296962879641 0.44938132733408326 0.0005624296962879641 1778
000000100000000000000001 0.994026284348865 0.0011947431302270011 0.0047789725209080045 0.0 1674
000000010000101100101000 0.970970970970971 0.02002002002002002 0.0015015015015015015 0.0075075075075075074 1998
010000000000100100100100 0.9770959377700951 0.0 0.02031114952463267 0.0025929127052722557 2314
010000000000000000100000 0.8872180451127819 0.1060985797827903 0.004177109440267335 0.002506265664160401 1197
000000011000000100001000 0.988861985472155 0.005811138014527845 0.003389830508474576 0.001937046004842615 2065
000011000000000100000000 0.9866071428571429 0.003125 0.009821428571428571 0.0004464285714285714 2240
000000000011000000000100 0.9806181246726035 0.014667365112624411 0.004714510214772132 0.0 1909
000000100000000000001000 0.9615099925980755 0.03626943005181347 0.0 0.0022205773501110288 1351
000000001000000000000001 0.9894815927873779 0.0 0.010518407212622089 0.0 1331
000000000100000000000010 0.5337734890807516 0.0035551041137633316 0.4616556627729812 0.001015744032503809 1969
001000000000100000000000 0.988056460369164 0.0 0.011943539630836048 0.0 2763
010000000000000000010100 0.5567439096850861 0.0106951871657754 0.42543077837195487 0.0071301247771836 1683
000000000010000000010000 0.5219638242894057 0.0006459948320413437 0.47674418604651164 0.0006459948320413437 1548
000000000100001100000000 0.9576190476190476 0.0004761904761904762 0.0419047619047619 0.0 2100
010000000000000000000001 0.8894154818325435 0.10505529225908374 0.00315955766192733 0.002369668246445498 1266
000000000010000000000100 0.7906810035842294 0.1906810035842294 0.016487455197132617 0.002150537634408602 1395
000000000101001100001100 0.9989468141126909 0.00105318588730911 0.0 0.0 1899
000000001000000000000010 0.5448318804483188 0.0006226650062266501 0.45454545454545453 0.0 1606
000000000010001100000000 0.909692956050572 0.0 0.09030704394942805 0.0 1661
000100000000000000100000 0.9569805194805194 0.036931818181818184 0.004058441558441558 0.002029220779220779 2464
001000000000001100001100 0.9959422903516681 0.0018034265103697023 0.0009017132551848512 0.001352569882777277 2218
000000001000100000000000 0.9821305841924398 0.0 0.017869415807560136 0.0 1455
010000000000000000010000 0.5518955873213176 0.00870105655686762 0.4275947793660659 0.011808576755748913 1609
000000000110100100101100 0.982086406743941 0.01685985247629083 0.0 0.001053740779768177 1898
000010000000101100100100 0.9795100222717149 0.0 0.0200445434298441 0.00044543429844097997 2245
000010000000000000011000 0.462949376375642 0.07630227439471754 0.41379310344827586 0.04695524578136464 1363
000000010000000000000010 0.5081859855926654 0.0006548788474132286 0.4905042567125082 0.0006548788474132286 1527
000000000110001000101100 0.9959162838182747 0.0015313935681470138 0.0010209290454313426 0.0015313935681470138 1959
000000100000000000000100 0.7463837994214079 0.2459016393442623 0.004339440694310511 0.0033751205400192863 2074
011000000000001100000000 0.9946642952423299 0.0 0.004446420631391729 0.0008892841262783459 2249
000000000111000100000100 0.9861179970252851 0.011898859692612791 0.0019831432821021317 0.0 2017
000000000010001000000010 0.5412710007304602 0.0 0.4579985390796202 0.0007304601899196494 1369
000000010000000100000010 0.5212569316081331 0.0006161429451632779 0.47812692544670365 0.0 1623
000000010000100000000000 0.9148124602670057 0.0 0.08518753973299428 0.0 1573
000000000100101100000000 0.9491106719367589 0.0 0.050889328063241104 0.0 2024
000000000010101000000000 0.9804205946337926 0.0 0.01885424220449601 0.0007251631617113851 1379
000010000000000000000010 0.5674709562109026 0.00804289544235925 0.419124218051832 0.005361930294906166 1119
000010000000101100001000 0.9953466728711028 0.00046533271288971617 0.002326663564448581 0.0018613308515588647 2149
000000000001101100000000 0.06832298136645963 0.0 0.9316770186335404 0.0 1127
001000000000000010000000 0.969807868252516 0.0292772186642269 0.0009149130832570906 0.0 1093
000000000100000000001000 0.9048656499636892 0.08859840232389252 0.002904865649963689 0.0036310820624546117 1377
000000010000000100000100 0.7335423197492164 0.2012539184952978 0.05329153605015674 0.011912225705329153 1595
000000001000000000010000 0.5376 0.0010666666666666667 0.4608 0.0005333333333333334 1875
001000000000010000000000 0.9819819819819819 0.016216216216216217 0.0018018018018018018 0.0 1110
010000000000000100000100 0.8454873646209387 0.0368231046931408 0.1148014440433213 0.002888086642599278 1385
000010000000001000000000 0.9160908193484699 0.07107601184600197 0.011846001974333662 0.0009871668311944718 1013
000000000100000000000001 0.9935191186001296 0.0012961762799740765 0.005184705119896306 0.0 1543
000010000000000000001001 0.9840546697038725 0.010250569476082005 0.003416856492027335 0.002277904328018223 878
000000010000000000000001 0.9831158864159631 0.0 0.01688411358403684 0.0 1303
001000000000000000000110 0.45366795366795365 0.1525096525096525 0.35424710424710426 0.03957528957528957 1036
001000000000000010001000 0.03272727272727273 0.9654545454545455 0.0009090909090909091 0.0009090909090909091 1100
000000010000001000000000 0.9232673267326733 0.0006188118811881188 0.07611386138613861 0.0 1616
000100000000010000000000 0.9652836579170194 0.03386960203217612 0.000846740050804403 0.0 1181
000010000000001000001000 0.9309021113243762 0.05662188099808062 0.011516314779270634 0.0009596928982725527 1042
000000001000000000100000 0.9613869188337274 0.029944838455476755 0.0070921985815602835 0.0015760441292356187 1269
000010000000000000001010 0.5385312783318223 0.006346328195829556 0.4487760652765186 0.006346328195829556 1103
000000000100000000100000 0.922879177377892 0.07326478149100257 0.002570694087403599 0.0012853470437017994 1556
000010000000000100000000 0.8614506927465363 0.012224938875305624 0.12306438467807661 0.0032599837000814994 1227
000000010000000000100000 0.9080280592361653 0.03507404520654715 0.05378020265003897 0.003117692907248636 1283
100000000000000010000000 0.9897483690587139 0.010251630941286114 0.0 0.0 1073
000000010000000000001000 0.8729729729729729 0.05855855855855856 0.05945945945945946 0.009009009009009009 1110
000100000000000000110000 0.5577557755775577 0.011001100110011002 0.42244224422442245 0.0088008800880088 909
100000000000000000000110 0.43213572854291415 0.15768463073852296 0.35129740518962077 0.05888223552894212 1002
000000010000101100101100 0.9727891156462585 0.021865889212827987 0.0009718172983479105 0.004373177842565598 2058
100000000000010000000100 0.018209408194233688 0.9802731411229135 0.0 0.0015174506828528073 1318
000100000000000010001000 0.014071294559099437 0.9840525328330206 0.0 0.001876172607879925 1066
000000000010100000000000 0.9274084124830394 0.0 0.07259158751696065 0.0 1474
001000000000010000000100 0.017543859649122806 0.9816207184628237 0.0 0.000835421888053467 1197
000000000010001000000001 0.9880341880341881 0.0 0.011965811965811967 0.0 1170
010000000000000100000000 0.8012779552715655 0.044089456869009586 0.15207667731629393 0.0025559105431309905 1565
000000001000000000000100 0.77 0.22647058823529412 0.001176470588235294 0.002352941176470588 1700
000000000001001100010000 0.5413961038961039 0.0016233766233766235 0.4569805194805195 0.0 1232
000000000001000000000001 0.9979360165118679 0.0 0.0020639834881320948 0.0 969
010000000000000000001000 0.8799212598425197 0.11220472440944881 0.005905511811023622 0.001968503937007874 1016
000000000001001100100000 0.9801864801864801 0.01282051282051282 0.004662004662004662 0.002331002331002331 858
000010000000000000100000 0.8988361683079678 0.09400179051029543 0.005371530886302597 0.0017905102954341987 1117
000010000000000000000100 0.7783321454027085 0.21525302922309336 0.002851033499643621 0.003563791874554526 1403
000000000010001000000100 0.782051282051282 0.198005698005698 0.014957264957264958 0.004985754985754986 1404
000000010000000100000001 0.9785502958579881 0.0 0.019970414201183433 0.0014792899408284023 1352
000000000100010000000000 0.9539918809201624 0.04194857916102842 0.0040595399188092015 0.0 739
000001000000000000001101 0.9894459102902374 0.0 0.010554089709762533 0.0 758
000010000000000010001000 0.9776021080368906 0.021080368906455864 0.0013175230566534915 0.0 759
000000000001100000000000 0.9170194750211685 0.0 0.0829805249788315 0.0 1181
000100000000010000000100 0.031037093111279335 0.9659348978046934 0.0 0.003028009084027252 1321
000000000001000000000100 0.7715996578272027 0.22412318220701455 0.003421727972626176 0.000855431993156544 1169
000001000000000000100000 0.8375838926174497 0.15302013422818792 0.006711409395973154 0.0026845637583892616 745
001000000000000001001100 1.0 0.0 0.0 0.0 889
000000000001001100000010 0.531933508311461 0.0 0.4680664916885389 0.0 1143
000010000000000000001100 0.8289156626506025 0.1646586345381526 0.004819277108433735 0.001606425702811245 1245
000000000010001000100000 0.9547844374342797 0.017875920084121977 0.024185068349106203 0.0031545741324921135 951
000010000000000000000001 0.982837528604119 0.011441647597254004 0.003432494279176201 0.002288329519450801 874
000000000010000000100000 0.9423828125 0.03515625 0.0224609375 0.0 1024
000000000001000000000010 0.523972602739726 0.0 0.4751712328767123 0.0008561643835616438 1168
000001000000000000001110 0.5234899328859061 0.0011185682326621924 0.4742729306487696 0.0011185682326621924 894
010000000000001000000000 0.9059760956175299 0.03824701195219123 0.05179282868525897 0.00398406374501992 1255
000000000100010000000100 0.05307599517490953 0.9408926417370326 0.0036188178528347406 0.0024125452352231603 829
001000000000000000110000 0.5380184331797235 0.018433179723502304 0.43663594470046085 0.0069124423963133645 868
000000000001000000010000 0.5367146101438305 0.000757002271006813 0.46252838758516274 0.0 1321
000001000000000100000000 0.859344894026975 0.0 0.13776493256262043 0.002890173410404624 1038
000010000000000100001000 0.8770706190061028 0.012205754141238012 0.10897994768962511 0.0017436791630340018 1147
000001000000000000000010 0.5244338498212158 0.0011918951132300357 0.47437425506555425 0.0 839
010000000000010000000000 0.9793307086614174 0.01968503937007874 0.0 0.000984251968503937 1016
000000000010000000000001 0.9921465968586387 0.0 0.007853403141361256 0.0 1146
000000010000000110000000 0.7561643835616438 0.019178082191780823 0.21780821917808219 0.00684931506849315 730
100000000000010000000000 0.977818853974122 0.022181146025878003 0.0 0.0 1082
100000000000000001001100 0.9977426636568849 0.001128668171557562 0.001128668171557562 0.0 886
000100000000000001000000 0.9966254218222722 0.0011248593925759281 0.0022497187851518562 0.0 889
001000000000000001000000 0.9977603583426652 0.0 0.0022396416573348264 0.0 893
000110000000100000000000 0.851764705882353 0.01647058823529412 0.12705882352941175 0.004705882352941176 425
010000000000000010000100 0.888015717092338 0.1100196463654224 0.0 0.0019646365422396855 509
000000000001001100000100 0.7903893951946976 0.20132560066280034 0.00579950289975145 0.0024855012427506215 1207
100000000000000000110000 0.543859649122807 0.009287925696594427 0.4458204334365325 0.0010319917440660474 969
000000000001001100001000 0.9279038718291055 0.06942590120160214 0.0 0.0026702269692923898 749
000000000010000000000010 0.515625 0.000744047619047619 0.48288690476190477 0.000744047619047619 1344
010000000000100000000000 0.888100866824271 0.05358550039401103 0.05358550039401103 0.004728132387706856 1269
011000000000000100000000 0.7808510638297872 0.01702127659574468 0.19787234042553192 0.00425531914893617 470
000000010000000101000000 0.8576512455516014 0.0 0.1423487544483986 0.0 562
010000000000000000000101 0.8914664457332229 0.10190555095277548 0.004971002485501243 0.0016570008285004142 1207
010000000000010000000100 0.9747102212855637 0.02107481559536354 0.003161222339304531 0.001053740779768177 949
000001000000000000010000 0.5521126760563381 0.004694835680751174 0.4422535211267606 0.0009389671361502347 1065
000001000000000100001100 0.846820809248555 0.0 0.1531791907514451 0.0 1038
000010000000100000000000 0.9285714285714286 0.007142857142857143 0.06326530612244897 0.0010204081632653062 980
000010000000000000101000 0.9646017699115044 0.025565388397246803 0.00688298918387414 0.0029498525073746312 1017
000000010000010100000100 0.013740458015267175 0.9633587786259542 0.0 0.022900763358778626 655
000000100000000010000000 0.9812138728323699 0.011560693641618497 0.005780346820809248 0.001445086705202312 692
000100000000000001001100 0.9964580873671782 0.0 0.0035419126328217238 0.0 847
000000000010010000000000 0.7495741056218058 0.0068143100511073255 0.2402044293015332 0.0034071550255536627 587
000000100000100000100100 0.5843520782396088 0.19559902200489 0.2176039119804401 0.0024449877750611247 409
001000000000000000101000 0.8791500664010624 0.099601593625498 0.017264276228419653 0.00398406374501992 753
000000000001000000100000 0.9741480611045829 0.0199764982373678 0.0035252643948296123 0.0023501762632197414 851
000010000000000010000000 0.9865047233468286 0.01349527665317139 0.0 0.0 741
000100000000000000000110 0.43884892086330934 0.16276978417266186 0.34802158273381295 0.050359712230215826 1112
000000010000010100000000 0.9446870451237264 0.023289665211062592 0.027656477438136828 0.004366812227074236 687
000100000000000000000101 0.7610619469026548 0.2013274336283186 0.030973451327433628 0.00663716814159292 452
000100000000000010000000 0.9773156899810964 0.021739130434782608 0.000945179584120983 0.0 1058
000000100000010000000000 0.9831168831168832 0.012987012987012988 0.0025974025974025974 0.0012987012987012987 770
100000000000000001000000 1.0 0.0 0.0 0.0 870
000010000000100000001000 0.9649484536082474 0.016494845360824743 0.016494845360824743 0.002061855670103093 970
000000001000000010000000 0.9428076256499134 0.053726169844020795 0.0017331022530329288 0.0017331022530329288 577
001000000000000000111000 0.5653923541247485 0.03219315895372234 0.386317907444668 0.01609657947686117 497
000001000000100000001100 0.9907651715039578 0.0013192612137203166 0.0079155672823219 0.0 758
000000001000000010001000 0.0667779632721202 0.9332220367278798 0.0 0.0 599
000000100000000000110000 0.5345104333868379 0.006420545746388443 0.45585874799357945 0.0032102728731942215 623
000000110000000100010000 0.5653206650831354 0.0023752969121140144 0.4323040380047506 0.0 421
100000000000110000000100 0.0049504950495049506 0.9851485148514851 0.0 0.009900990099009901 404
000000001000000100001100 0.45231607629427795 0.0326975476839237 0.5068119891008175 0.008174386920980926 367
000000100000000000101000 0.8229376257545271 0.158953722334004 0.01609657947686117 0.002012072434607646 497
000000000100000000110000 0.5128205128205128 0.01282051282051282 0.46886446886446886 0.005494505494505495 546
000000000110000100000000 0.7981651376146789 0.001834862385321101 0.2 0.0 545
000100000000000000000011 0.9514348785871964 0.0 0.046357615894039736 0.002207505518763797 453
000001000000100000000000 0.986904761904762 0.0 0.013095238095238096 0.0 840
101000000000000000000100 0.518324607329843 0.4799301919720768 0.0 0.0017452006980802793 573
000000000011001000000000 0.15469613259668508 0.0 0.8453038674033149 0.0 724
000000010000000110001000 0.03761348897535668 0.7315175097276264 0.0038910505836575876 0.22697795071335927 771
000000100000000100100100 0.47214076246334313 0.02346041055718475 0.49266862170087977 0.011730205278592375 341
000001000000001000001100 0.9321824907521579 0.002466091245376079 0.06535141800246609 0.0 811
000000000010001000001000 0.8968609865470852 0.0257847533632287 0.0773542600896861 0.0 892
000110000000000100000000 0.8251028806584362 0.006172839506172839 0.1646090534979424 0.00411522633744856 486
010000000000000001001100 0.9867724867724867 0.010582010582010581 0.0026455026455026454 0.0 378
000001000000001000000000 0.9352179034157833 0.001177856301531213 0.0636042402826855 0.0 849
100000000000000010001000 0.01536983669548511 0.9827089337175793 0.0 0.0019212295869356388 1041
000001000000000000000001 0.9958677685950413 0.0013774104683195593 0.0027548209366391185 0.0 726
000001000000000000101100 0.12903225806451613 0.8655913978494624 0.002688172043010753 0.002688172043010753 744
