00000000001100000000 0.9996516187156461 2.1884271081145516e-05 0.0003191569471958365 7.3400660769059504e-06 7356882
00010000001100000000 0.9992903199643133 0.0001757302945510091 0.0005271908836530272 6.758857482731119e-06 147954
10000000001100000000 0.9994698312174999 6.536327455480347e-05 0.0004575429218836243 7.262586061644831e-06 137692
00100000001100000000 0.9994186975919548 7.992908110621849e-05 0.0004795744866373109 2.179884030169595e-05 137622
00000000101100000000 0.9989339255968906 0.000421987784564131 0.0006440866185452527 0.0 90050
00000100001100000000 0.999533870159533 1.1653246011676552e-05 0.000442823348443709 1.1653246011676552e-05 85813
00000010001100010000 0.9774933224351583 0.00011676616116649396 0.02236071986338359 2.919154029162349e-05 68513
00000001001100000000 0.999207225572638 0.00012741017582604264 0.0006087375067244259 5.6626744811574506e-05 70638
00000010001100000000 0.9769720008772571 7.31047591198187e-05 0.02294027341179911 1.462095182396374e-05 68395
00000000011100000000 0.9798181957069743 7.638835841417768e-05 0.02009013826292873 1.5277671682835534e-05 65455
00000000011100100000 0.976282866126982 3.3451528734863186e-05 0.0236669565799157 1.6725764367431593e-05 59788
01000000001100000000 0.9805568764199292 0.018791497155738714 0.0005107342244764974 0.0001408921998555855 56781
00001000001100000000 0.9851785844184185 0.014057612570015277 0.0006728740816178075 9.092892994835237e-05 54988
01000000001100000000 0.9791485356020105 0.02035415519599311 0.0003729819014972559 0.0001243273004990853 56303
00000000001100110000 0.9992836136038006 5.6556820752582765e-05 0.0006409773018626046 1.8852273584194255e-05 53044
00001000001100000001 0.9823063725996817 0.017176874263626782 0.00047541288575621656 4.134025093532318e-05 48379
00000000001100000001 0.9991732924842561 0.00038903883093831303 0.0004133537578719576 2.4314926933644564e-05 41127
00011000001100000000 0.9873341634107595 0.01185007084281482 0.0006869606285689751 0.00012880511785668284 23291
00000000111100000000 0.9847631837198492 0.0006714529208202056 0.014513713134652136 5.165022467847735e-05 19361
11000000001100000000 0.9900056465273857 0.009203839638622247 0.0006211180124223603 0.0001693958215697346 17710
01100000001100000000 0.9900391524643022 0.009500230308613543 0.0004030400736987563 5.757715338553662e-05 17368
10100000001100000000 0.9995207284926911 0.00017972681524083394 0.00029954469206805657 0.0 16692
00000110001100000000 0.975971778487753 0.0 0.02402822151224707 0.0 15024
00000110001100010000 0.9761546020307894 0.0 0.023845397969210612 0.0 15265
00011000001100000001 0.9787155963302753 0.020489296636085626 0.0007339449541284404 6.116207951070337e-05 16350
00000000111100100000 0.9705381229589664 0.0 0.02946187704103365 0.0 14086
00000101001100000000 0.9991410947138284 7.808229874287499e-05 0.0007808229874287499 0.0 12807
00010000001100000001 0.9901879871618524 0.00871160018340211 0.0009170105456212746 0.00018340210912425492 10905
00000000001100000000 0.9993822075782537 0.0 0.0006177924217462932 0.0 4856
11100000001100000000 0.9813935075217736 0.018342570599102666 0.0001319609395618897 0.0001319609395618897 7578
00001000001100000000 0.95410354962695 0.04329640515487226 0.0020348179968347276 0.0005652272213429799 8846
00000000101100110000 0.9872476089266737 0.0004723107804935648 0.012043924902585901 0.0002361553902467824 8469
11000000001100000000 0.956627061944861 0.04198869535125158 0.0010381820279155613 0.0003460606759718537 8669
00000000011100010000 0.962536023054755 0.0016288685628367372 0.03583510838240822 0.0 7981
01100000001100000000 0.9601984173851423 0.0392110546828865 0.0004724223455769458 0.00011810558639423645 8467
00011000001100000000 0.9740687113334211 0.02395682506252468 0.0015795708832433855 0.0003948927208108464 7597
00010000001100110000 0.9759954003162282 0.00043122035360068997 0.02328589909443726 0.0002874802357337933 6957
11100000001100000000 0.9800910865322056 0.019648666232921275 0.0002602472348731295 0.0 7685
00000100001100000100 0.9825724861196792 0.016656384947563233 0.0006169031462060457 0.00015422578655151142 6484
00010000001100010000 0.8929352922788372 0.0017192872772741482 0.10534542044388871 0.0 6398
00000011001100010000 0.9741068955967876 0.0 0.025754638604264746 0.00013846579894765993 7222
00000111001100010000 0.9780864197530864 0.00015432098765432098 0.02175925925925926 0.0 6480
00000011001100000000 0.9778512872141522 0.0 0.022148712785847836 0.0 6953
00010000001100110001 0.9974918855119504 0.00044260843906757157 0.0008852168781351431 0.0011802891708468574 6778
00000000101100110001 0.9961288052085167 0.0005278901988386416 0.00017596339961288053 0.0031673411930318494 5683
00000000101100000001 0.9762670341448476 0.02281427040269484 0.000765579543714592 0.0001531159087429184 6531
00000000101100000000 0.8432971014492754 0.1520229468599034 0.003321256038647343 0.001358695652173913 6624
01000000001100000100 0.9785400473132815 0.019939168638053395 0.0011828320378506252 0.0003379520108144643 5918
00000000111100010000 0.9786238102668123 0.0018723669839288502 0.019503822749258853 0.0 6409
00000001001100000001 0.9828227884340108 0.014457486401374177 0.002290294875465216 0.00042943028914972805 6986
00000100001100000100 0.9659804605722261 0.0314026517794836 0.0019190509420795533 0.0006978367062107466 5732
00010000001100000000 0.8404607858608174 0.15385829256746095 0.004891904686760297 0.0007890168849613382 6337
01000000001100000001 0.9773966014748316 0.020679705033664637 0.0016030779095864058 0.0003206155819172812 6238
00000111001100000000 0.977262035439862 0.0004704406460718206 0.022267523914066174 0.0 6377
00000101001100000101 0.9838318512530315 0.014874696847210994 0.0011317704122877931 0.00016168148746968473 6185
00010000001110110000 0.9511310285958173 0.0004268032437046522 0.04844216816047802 0.0 4686
11000000001100000100 0.9958538993089833 0.0033563672260612043 0.0005923000987166831 0.00019743336623889436 5065
01000000001100000101 0.966686496133254 0.03291691453499901 0.000396589331746976 0.0 5043
10000000001110000000 0.9773512476007677 0.00019193857965451057 0.022072936660268713 0.00038387715930902113 5210
01100000001100000001 0.996033320111067 0.0031733439111463705 0.0007933359777865926 0.0 5042
00000010001110010000 0.9767441860465116 0.0 0.023255813953488372 0.0 5547
00100000001100100000 0.9789592335149352 0.00018786398647379298 0.02085290249859102 0.0 5323
00000000101100000101 0.944526264113893 0.05351006381934217 0.0012272950417280314 0.0007363770250368188 4074
00000001001100000001 0.9036673100543955 0.09370064923670819 0.0022811019477101246 0.00035093876118617303 5699
10000000001100000100 0.9804486519860054 0.016052685737806133 0.0028812512862728956 0.0006174109899156205 4859
00000010001100110000 0.9789177793394237 0.0 0.02108222066057625 0.0 5692
00000001001100100001 0.99146110056926 0.0016603415559772296 0.0021347248576850096 0.004743833017077799 4216
00010000001110010000 0.9641123073675322 0.0010555203715431707 0.034621068186616 0.00021110407430863416 4737
00011000001100000100 0.9670633234169146 0.03123671908202295 0.0012749681257968552 0.00042498937526561835 4706
00000000101100010000 0.8862377503195569 0.004047720494247976 0.10971452918619515 0.0 4694
00000100001110000000 0.9757269279393174 0.0007585335018963338 0.023261694058154234 0.00025284450063211124 3955
00000000101110110101 0.9928646934460887 0.0005285412262156448 0.0018498942917547568 0.0047568710359408035 3784
11100000001100000101 0.9972689075630252 0.0016806722689075631 0.0010504201680672268 0.0 4760
00010000001110010100 0.9955966534566271 0.00022016732716864817 0.00044033465433729633 0.003742844561867019 4542
00000011001100110000 0.9974232841414852 0.0 0.0025767158585148745 0.0 4269
00000100001110010100 0.9946186242395882 0.0004679457182966776 0.0016378100140383716 0.003275620028076743 4274
00000000101110010100 0.9955532304472927 0.0007847240387130526 0.0013078733978550876 0.0023541721161391576 3823
00000000101100010000 0.9725490196078431 0.008823529411764706 0.006862745098039216 0.011764705882352941 4080
00010000001110110101 0.9970387243735763 0.00045558086560364467 0.0 0.0025056947608200456 4390
00010000001100000010 0.5489658609519064 0.0024919013207077 0.44829304759531524 0.00024919013207077 4013
00010000001100100000 0.9268072289156627 0.0006024096385542169 0.07259036144578314 0.0 3320
00000010001110110000 0.9644259644259644 0.000231000231000231 0.03511203511203511 0.000231000231000231 4329
00000111001110110000 0.9974823766364552 0.0 0.0025176233635448137 0.0 3972
00001000001100000100 0.9670833333333333 0.03145833333333333 0.00125 0.00020833333333333335 4800
00000001001100110001 0.996 0.00075 0.0015 0.00175 4000
00000101001110110101 0.995539033457249 0.0007434944237918215 0.0007434944237918215 0.002973977695167286 4035
00000001001100100000 0.9764201500535906 0.0008038585209003215 0.02277599142550911 0.0 3732
00000101001100000101 0.9633309675893068 0.0361958836053939 0.0004731488052992666 0.0 4227
00000000101100000100 0.9588645657926389 0.038248737070002405 0.0014433485686793362 0.0014433485686793362 4157
00100000001100000001 0.9774641475073982 0.019804234008650126 0.002503983610289096 0.00022763487366264513 4393
00100000001100000010 0.5505434782608696 0.0008152173913043478 0.44864130434782606 0.0 3680
00010000001100000000 0.5780225544190926 0.0018358248098610018 0.4198793600839234 0.00026226068712300026 3813
00000000111110010000 0.9726708074534162 0.0 0.02732919254658385 0.0 4025
00100000001100010000 0.8754778809393774 0.00027307482250136535 0.12397596941561988 0.00027307482250136535 3662
01000000001100100000 0.9731454400425419 0.0050518479127891515 0.019675618186652487 0.002127093858016485 3761
00000000011110010000 0.9609018949388343 0.0 0.03909810506116575 0.0 4169
00000000001100100000 0.5791654335602249 0.0005918910920390648 0.4199467298017165 0.0002959455460195324 3379
00000110001110010000 0.9955824226923972 0.0 0.004417577307602883 0.0 4301
00000101001110100101 0.9925962487660415 0.0012339585389930898 0.00024679170779861795 0.005923000987166831 4052
00000000001100110001 0.9959991109135363 0.002222716159146477 0.0011113580795732384 0.0006668148477439431 4499
00100000001100000000 0.5935664335664336 0.0016783216783216783 0.4036363636363636 0.0011188811188811189 3575
10000000001100000010 0.5421912670774176 0.0008036431824270024 0.45646932761853737 0.0005357621216180017 3733
00000100001110000100 0.9937106918238994 0.0012094823415578133 0.001451378809869376 0.00362844702467344 4134
01000000001110000000 0.9760087241003271 0.004634678298800436 0.017448200654307525 0.0019083969465648854 3668
10000000001100010000 0.8879736408566722 0.0 0.11202635914332784 0.0 3642
00000000001100000000 0.9990448901623686 0.0009551098376313276 0.0 0.0 1047
10000000001100000000 0.7424487594390508 0.2510787486515642 0.004314994606256742 0.002157497303128371 3708
10000000001100000000 0.573982398239824 0.00055005500550055 0.4249174917491749 0.00055005500550055 3636
00100000001100000001 0.9824120603015075 0.01507537688442211 0.0016750418760469012 0.0008375209380234506 3582
00000010001100010001 0.9568462037637897 0.027579493835171966 0.010707332900713823 0.004866969500324465 3082
00100000001110000000 0.9775319737296924 0.0 0.02246802627030764 0.0 2893
00000000011100000000 0.8843293858441201 0.1035527402919306 0.01019003029468466 0.0019278435692646654 3631
00100000001100000000 0.726790450928382 0.26710875331564987 0.003978779840848806 0.002122015915119363 3770
00010000001100000001 0.7974044700793078 0.19610670511896178 0.004325883201153569 0.0021629416005767843 2774
00100000001100100001 0.9930232558139535 0.0007751937984496124 0.0027131782945736434 0.0034883720930232558 2580
00001000001100010000 0.9370703331570598 0.008725542041248016 0.053410893707033315 0.0007932310946589106 3782
00011000001100010000 0.9542894998343823 0.006955945677376615 0.03742961245445512 0.001324942033786022 3019
11100000001110110101 0.9759898904802022 0.00042122999157540015 0.02358887952822241 0.0 2374
11000000001110000100 0.9777950915465524 0.0 0.0218153486560187 0.00038955979742890534 2567
00000000001100000000 0.6419098143236074 0.35179045092838196 0.0023209549071618036 0.003978779840848806 3016
00010000001100000101 0.9141868512110727 0.08200692041522491 0.0031141868512110727 0.0006920415224913495 2890
00000000001100010000 0.6052418265333693 0.0010807889759524452 0.3936773844906782 0.0 3701
00010000001110000000 0.9488054607508533 0.0 0.051194539249146756 0.0 3223
10000000001100000100 0.971989814477992 0.025827573663150236 0.0014550745725718443 0.0007275372862859222 2749
00010000001100010000 0.9563719862227325 0.016456180635285114 0.011481056257175661 0.015690776884806735 2613
10100000001100000101 0.9734299516908212 0.02455716586151369 0.0012077294685990338 0.0008051529790660225 2484
01000000001110000100 0.9725770097670924 0.002629601803155522 0.02404207362885049 0.0007513148009015778 2662
00000010001100010100 0.9708399366085578 0.015530903328050714 0.011410459587955626 0.0022187004754358162 3155
11000000001110010000 0.9949579831932773 0.0004201680672268908 0.0029411764705882353 0.0016806722689075631 2380
01000000001110100101 0.9758648431214803 0.0008045052292839903 0.021319388576025743 0.002011263073209976 2486
00001000001110010000 0.9792494481236204 0.0004415011037527594 0.018101545253863136 0.002207505518763797 2265
01000000001100100001 0.964965727341965 0.0015232292460015233 0.030845392231530846 0.0026656511805026656 2626
01000000001110100000 0.9568429237947123 0.0011664074650077762 0.04082426127527216 0.0011664074650077762 2572
00100000001100000100 0.9779442363712026 0.015397419891801914 0.006242197253433208 0.0004161464835622139 2403
01100000001100100001 0.9744483159117305 0.0007742934572202865 0.024003097173828883 0.0007742934572202865 2583
00001000001110110100 0.9756306113723814 0.0008550662676357417 0.0235143223599829 0.0 2339
01000000001100110001 0.9704142011834319 0.0003944773175542406 0.02564102564102564 0.0035502958579881655 2535
00000110001110010100 0.9752179899036255 0.020192748967416244 0.0013767783386874712 0.0032124827902707664 2179
00000000101110010000 0.9464446444644464 0.0013501350135013501 0.05175517551755175 0.00045004500450045 2222
00000010001110010100 0.9745801180208806 0.019518837948252384 0.0018157058556513845 0.0040853381752156154 2203
00000011001100110001 0.9763181411974977 0.016979445933869526 0.004021447721179625 0.002680965147453083 2238
01100000001100100000 0.9873367629600317 0.004352987732489117 0.006331618519984171 0.0019786307874950534 2527
00100000001100110001 0.9952971355280035 0.0 0.0017101325352714834 0.002992731936725096 2339
00001000001100000001 0.8343036274070756 0.1625615763546798 0.0022391401701746527 0.0008956560680698612 2233
01100000001100110001 0.9760479041916168 0.0007984031936127744 0.022754491017964073 0.0003992015968063872 2505
00000000111100000100 0.9761557177615572 0.01897810218978102 0.004379562043795621 0.00048661800486618007 2055
00001000001100010000 0.964563862928349 0.005451713395638629 0.0264797507788162 0.0035046728971962616 2568
00000110001110010100 0.9771793701506162 0.019625741670470105 0.0018256503879507074 0.0013692377909630307 2191
00000010001100010101 0.9575856443719413 0.03099510603588907 0.008156606851549755 0.0032626427406199023 2452
01000000001100000000 0.46279761904761907 0.1661706349206349 0.3100198412698413 0.06101190476190476 2016
01000000001110010100 0.9722788422339992 0.0008153281695882593 0.02445984508764778 0.0024459845087647777 2453
00011000001110010000 0.9771766694843618 0.001267962806424345 0.02028740490278952 0.001267962806424345 2366
11000000001110010100 0.9815048339638504 0.0 0.01807482135350988 0.0004203446826397646 2379
00000000001100000000 0.5876595744680851 0.0029787234042553193 0.4085106382978723 0.000851063829787234 2350
00000010001100000100 0.9610274579273693 0.023029229406554472 0.013286093888396812 0.002657218777679362 2258
00001000001110010100 0.9797501077121931 0.0008616975441619991 0.01852649719948298 0.0008616975441619991 2321
10000000001100100000 0.9808027923211169 0.0 0.019197207678883072 0.0 2865
01000000001110010000 0.967479674796748 0.0024390243902439024 0.026829268292682926 0.0032520325203252032 2460
11100000001110100000 0.9932517924926192 0.001687051876845213 0.004639392661324336 0.00042176296921130323 2371
00000100001100000000 0.7572156196943973 0.23174872665534804 0.006366723259762309 0.00466893039049236 2356
00000000101100100000 0.7533650039588282 0.000791765637371338 0.24465558194774348 0.0011876484560570072 2526
10100000001110110000 0.9701076125946593 0.0007971303308090873 0.029095257074531686 0.0 2509
00000100001100010000 0.7543659832953683 0.0 0.24525436598329536 0.00037965072133637056 2634
01000000001110110000 0.9626590069757899 0.0 0.03528929011079196 0.002051702913418137 2437
10000000001110000100 0.992621359223301 0.0027184466019417475 0.0015533980582524273 0.0031067961165048546 2575
00000010001100000101 0.9419326241134752 0.04476950354609929 0.010195035460992909 0.0031028368794326243 2256
01100000001100110000 0.9945378151260504 0.0 0.004201680672268907 0.0012605042016806723 2380
00000010001110110101 0.9716346153846154 0.020673076923076922 0.0033653846153846156 0.004326923076923077 2080
00000100001100000010 0.5445951500205508 0.0012330456226880395 0.45334977394163584 0.0008220304151253596 2433
11100000001110110000 0.995483288166215 0.0009033423667570009 0.0018066847335140017 0.0018066847335140017 2214
00000111001100000101 0.9908521906596052 0.003370245546461242 0.003370245546461242 0.002407318247472316 2077
10100000001110100000 0.9768647786198644 0.0 0.023135221380135622 0.0 2507
00000000001100000010 0.5449077786688051 0.00040096230954290296 0.4542902967121091 0.00040096230954290296 2494
10000000001110010000 0.9762553522771507 0.0011677695601401323 0.022576878162709226 0.0 2569
00000000011100110000 0.8802588996763754 0.0012135922330097086 0.11812297734627832 0.0004045307443365696 2472
00010000001100000100 0.9376623376623376 0.05454545454545454 0.0044526901669758815 0.003339517625231911 2695
00000111001110110101 0.972986748216106 0.021916411824668705 0.0015290519877675841 0.003567787971457696 1962
00000000111100000000 0.9420818144997974 0.05427298501417578 0.0032401782098015392 0.0004050222762251924 2469
00100000001100110000 0.9752475247524752 0.0003808073115003808 0.02361005331302361 0.0007616146230007616 2626
10100000001110100101 0.9932375316990701 0.00042265426880811494 0.0029585798816568047 0.0033812341504649195 2366
10000000001100000001 0.9649728663048841 0.031080414405525406 0.003453379378391712 0.000493339911198816 2027
00011000001110110001 0.9951859956236324 0.00087527352297593 0.002188183807439825 0.00175054704595186 2285
00000101001110100000 0.9725581395348837 0.0 0.02744186046511628 0.0 2150
00000000011100010000 0.9671144048170449 0.01760074108383511 0.006947660954145438 0.008337193144974525 2159
00000001001100000000 0.7268119614799797 0.26406487582361887 0.005575266092245312 0.0035478966041561076 1973
00000010001100000001 0.9401558073654391 0.019475920679886686 0.037535410764872525 0.0028328611898017 2824
00000011001100010001 0.990608228980322 0.005813953488372093 0.0022361359570661895 0.0013416815742397137 2236
00000010001110010100 0.9749776586237712 0.019213583556747096 0.0035746201966041107 0.002234137622877569 2238
00000100001110010000 0.9718928414580589 0.0 0.02766798418972332 0.0004391743522178305 2277
00000000001100000001 0.6172738436348751 0.37822349570200575 0.003274662300450266 0.0012279983626688497 2443
00011000001110010100 0.9755991285403051 0.00130718954248366 0.020479302832244008 0.00261437908496732 2295
00000000011110010100 0.9814629258517034 0.014529058116232466 0.00250501002004008 0.001503006012024048 1996
00000000101100000010 0.5499174917491749 0.0028877887788778876 0.4467821782178218 0.00041254125412541255 2424
00000000001110000000 0.9435608004104669 0.000513083632632119 0.055413032324268856 0.000513083632632119 1949
00010000001100000100 0.9477777777777778 0.04925925925925926 0.002962962962962963 0.0 2700
01000000001110110101 0.9730999146029035 0.0004269854824935952 0.022630230572160546 0.003842869342442357 2342
00001000001100000010 0.4849557522123894 0.06784660766961652 0.39941002949852505 0.047787610619469026 1695
00000000011100000100 0.9743589743589743 0.019580419580419582 0.0032634032634032634 0.002797202797202797 2145
11000000001110000000 0.9923608584939978 0.0014550745725718443 0.005456529647144416 0.0007275372862859222 2749
10000000001110010100 0.998345055854365 0.0004137360364087712 0.0008274720728175424 0.0004137360364087712 2417
00000000111100010000 0.9801418439716312 0.011347517730496455 0.00425531914893617 0.00425531914893617 2115
01000000001100000010 0.5708101422387136 0.00927643784786642 0.41125541125541126 0.008658008658008658 1617
00000100001100000000 0.5788757932910245 0.00045330915684496827 0.4197642792384406 0.0009066183136899365 2206
00000001001100110000 0.9681383705052344 0.0004551661356395084 0.030951297223486572 0.0004551661356395084 2197
00000111001110110101 0.9790209790209791 0.01818181818181818 0.0009324009324009324 0.0018648018648018648 2145
00011000001110110100 0.976621085134539 0.00176444640494045 0.021614468460520512 0.0 2267
00000000101100000000 0.6062861869313482 0.0041356492969396195 0.3879239040529363 0.0016542597187758478 2418
00000000011110010101 0.9823008849557522 0.01665799062988027 0.001041124414367517 0.0 1921
00000110001100000100 0.9872379216043756 0.005013673655423883 0.006381039197812215 0.0013673655423883319 2194
00000000111110010100 0.9824281150159745 0.013844515441959531 0.002129925452609159 0.001597444089456869 1878
11100000001110100101 0.9763237193284546 0.0 0.02324580284115368 0.00043047783039173483 2323
00000100001100100000 0.977069351230425 0.0005592841163310962 0.02237136465324385 0.0 1788
00000010001100100000 0.9204042956411876 0.0 0.07959570435881239 0.0 1583
00000011001100110001 0.9747739171822941 0.020942408376963352 0.0014278914802475012 0.0028557829604950024 2101
00000000111110010101 0.9832548403976975 0.015698587127158554 0.0 0.0010465724751439038 1911
00000010001100000000 0.7053898482469911 0.22553636839351124 0.06017791732077447 0.008895866038723181 1911
00000110001100010100 0.9891540130151844 0.005206073752711497 0.005639913232104121 0.0 2305
10100000001110110101 0.9960456942003515 0.0 0.0013181019332161687 0.0026362038664323375 2276
01000000001100110000 0.9708086785009862 0.0007889546351084812 0.02642998027613412 0.0019723865877712033 2535
00000000101110000000 0.941351888667992 0.0004970178926441351 0.05715705765407555 0.0009940357852882703 2012
10100000001100000101 0.9740150880134115 0.02556580050293378 0.0 0.00041911148365465214 2386
00000111001100010101 0.9937947494033413 0.003341288782816229 0.0019093078758949881 0.0009546539379474941 2095
00000010001100010000 0.7258499730167296 0.20939017808958446 0.05450620615218565 0.01025364274150027 1853
00001000001110110001 0.9950158586316267 0.0009062075215224287 0.001359311282283643 0.002718622564567286 2207
00000000101110110000 0.9004168596572487 0.0009263547938860583 0.09865678554886521 0.0 2159
00000011001100000001 0.9878618113912232 0.0028011204481792717 0.008403361344537815 0.0009337068160597573 2142
00000000001100000100 0.9101316542644533 0.0824270177447052 0.006296508299942759 0.0011448196908986834 1747
00000000011100100000 0.5779639175257731 0.001288659793814433 0.4207474226804124 0.0 1552
00000000011100000000 0.5875486381322957 0.0016675931072818232 0.41078376876042244 0.0 1799
00011000001100010000 0.9768019884009942 0.0033140016570008283 0.016984258492129246 0.002899751449875725 2414
01000000001100010000 0.8401826484018264 0.043052837573385516 0.11219830397912589 0.0045662100456621 1533
00000000101100000100 0.9118727050183598 0.08017135862913097 0.0036719706242350062 0.004283965728274173 1634
00000001001100000010 0.5524296675191815 0.001534526854219949 0.44603580562659845 0.0 1955
00010000001101000000 0.9537979639780736 0.039937353171495694 0.004698512137823023 0.0015661707126076742 1277
00001000001100000100 0.8840688107703815 0.11069558713537771 0.0037397157816005983 0.0014958863126402393 1337
00000010001110110101 0.9777039848197343 0.017552182163187855 0.0014231499051233396 0.003320683111954459 2108
00001000001110000001 0.9561671763506626 0.012232415902140673 0.02854230377166157 0.0030581039755351682 981
01000000001100000001 0.8814766839378239 0.11269430051813471 0.0038860103626943004 0.0019430051813471502 1544
00000010001100000000 0.5521669341894061 0.001070090957731407 0.4462279293739968 0.0005350454788657035 1869
00000101001110110000 0.9678030303030303 0.0004734848484848485 0.03172348484848485 0.0 2112
00000001001100000000 0.5780022446689114 0.001122334455667789 0.4208754208754209 0.0 1782
00000000011100000010 0.5433242506811989 0.0010899182561307902 0.4550408719346049 0.0005449591280653951 1835
00000010001100110001 0.9662971175166297 0.0270509977827051 0.0031042128603104213 0.003547671840354767 2255
01000000001100010000 0.7920154539600772 0.032839665164198326 0.17128139085640695 0.0038634900193174502 1553
00000010001100010010 0.5456431535269709 0.0 0.45435684647302904 0.0 1928
10000000001101000000 0.9738617200674536 0.024451939291736932 0.0016863406408094434 0.0 1186
00001000001100000001 0.5700934579439252 0.010124610591900311 0.4127725856697819 0.007009345794392523 1284
00000010001110000000 0.9167709637046307 0.0006257822277847309 0.08260325406758448 0.0 1598
00000000001100010001 0.7827586206896552 0.0020689655172413794 0.21448275862068966 0.000689655172413793 1450
00000010001100000010 0.5776364599894012 0.0010598834128245894 0.41971383147853736 0.001589825119236884 1887
00010000001101000000 0.03375527426160337 0.9620253164556962 0.0014064697609001407 0.0028129395218002813 1422
00000001001110000000 0.9732083054253181 0.0006697923643670462 0.025452109845947757 0.0006697923643670462 1493
01000000001100000100 0.8661354581673307 0.12669322709163347 0.00398406374501992 0.0031872509960159364 1255
00000010001100010000 0.5531319910514542 0.0005592841163310962 0.4451901565995526 0.0011185682326621924 1788
00000000011100100010 0.5371642723297939 0.0 0.462211118051218 0.0006246096189881324 1601
00000100001100000001 0.9502598366740905 0.041573867854491464 0.005939123979213066 0.0022271714922048997 1347
00000010001100110001 0.9760479041916168 0.018424689083371717 0.0018424689083371719 0.0036849378166743437 2171
00000000011100100101 0.9872967479674797 0.007621951219512195 0.003048780487804878 0.0020325203252032522 1968
00000000001100000000 0.5961123110151187 0.12095032397408208 0.2386609071274298 0.04427645788336933 926
00000000101100000001 0.8585858585858586 0.13131313131313133 0.0047138047138047135 0.0053872053872053875 1485
00000000011110000000 0.9135071090047393 0.0005924170616113745 0.08590047393364929 0.0 1688
00000000001100110000 0.6092526690391459 0.0007117437722419929 0.3900355871886121 0.0 1405
01000000001100000000 0.44992743105950656 0.17223028543783261 0.3057571359458152 0.07208514755684567 2067
00000000111100100101 0.9942135718043135 0.0021041557075223566 0.003156233561283535 0.0005260389268805891 1901
00000010001100000100 0.8893129770992366 0.05725190839694656 0.050381679389312976 0.0030534351145038168 1310
10000000001100000001 0.9698841698841699 0.02702702702702703 0.0023166023166023165 0.0007722007722007722 1295
00010000001100001001 0.01718213058419244 0.9785223367697594 0.0 0.00429553264604811 1164
00000001001100010000 0.8074563473336479 0.0 0.19159981123171307 0.0009438414346389807 2119
01000000001100100000 0.8785942492012779 0.04552715654952077 0.07028753993610223 0.005591054313099041 1252
00001000001100010001 0.8485491861288039 0.035385704175513094 0.11394196744515216 0.0021231422505307855 1413
00010000001100001000 0.9835007173601148 0.01291248206599713 0.002152080344332855 0.0014347202295552368 1394
00001000001100000000 0.5798611111111112 0.011111111111111112 0.4013888888888889 0.007638888888888889 1440
00000000001100110000 0.7763440860215054 0.20931899641577062 0.0064516129032258064 0.007885304659498209 1395
00100000001100001001 0.03062117235345582 0.9693788276465442 0.0 0.0 1143
00000000011100000100 0.9365079365079365 0.04594820384294068 0.014202172096908938 0.003341687552213868 1197
00001000001110000000 0.92833607907743 0.008237232289950576 0.060955518945634266 0.002471169686985173 1214
00000000011110100000 0.9393333333333334 0.0006666666666666666 0.06 0.0 1500
00000000011100100000 0.7662337662337663 0.17625231910946196 0.04823747680890538 0.00927643784786642 1617
00000000001100000011 0.5686619718309859 0.007042253521126761 0.4198943661971831 0.0044014084507042256 1136
10000000001101000000 0.006736526946107785 0.9910179640718563 0.0 0.002245508982035928 1336
00000100001100000001 0.9305210918114144 0.06451612903225806 0.0012406947890818859 0.0037220843672456576 806
00001000001100100001 0.9024621212121212 0.06818181818181818 0.027462121212121212 0.001893939393939394 1056
10000000001100001000 0.99057344854674 0.00864100549882168 0.0007855459544383347 0.0 1273
01000000001100000010 0.5788571428571428 0.012571428571428572 0.40285714285714286 0.005714285714285714 1750
00001000001100000101 0.8937238493723849 0.09874476987447699 0.00502092050209205 0.002510460251046025 1195
00000000001110110000 0.08716323296354993 0.0 0.9128367670364501 0.0 1262
00100000001100000110 0.5704545454545454 0.01818181818181818 0.4011363636363636 0.010227272727272727 880
10000000001100000110 0.5100200400801603 0.011022044088176353 0.46693386773547096 0.012024048096192385 998
00001000001100000011 0.4706279540850776 0.08777852802160702 0.3808237677245105 0.06076975016880486 1481
00000100001101000000 0.02031063321385902 0.978494623655914 0.0 0.0011947431302270011 837
00001000001100100000 0.9164012738853503 0.04777070063694268 0.03343949044585987 0.0023885350318471337 1256
00000000011100000001 0.8613207547169811 0.04716981132075472 0.08679245283018867 0.0047169811320754715 1060
00000010001100010001 0.7746478873239436 0.07042253521126761 0.14989939637826963 0.005030181086519115 994
00000000001100110001 0.877720207253886 0.11606217616580311 0.0051813471502590676 0.0010362694300518134 965
00000000101101000000 0.05023364485981308 0.9439252336448598 0.004672897196261682 0.0011682242990654205 856
00100000001100001000 0.9730769230769231 0.023076923076923078 0.003076923076923077 0.0007692307692307692 1300
00001000001100001001 0.9825783972125436 0.015098722415795587 0.0023228803716608595 0.0 861
00010000001100000000 0.5698213103904699 0.11250827266710788 0.2739907346128392 0.04367968232958306 1511
10000000001100000101 0.8872180451127819 0.09649122807017543 0.012531328320802004 0.0037593984962406013 798
00001000001100001000 0.9824561403508771 0.01644736842105263 0.0010964912280701754 0.0 912
00000000001100110010 0.5645272601794341 0.0006901311249137336 0.43478260869565216 0.0 1449
00000010001100000001 0.8610619469026549 0.0743362831858407 0.05398230088495575 0.010619469026548672 1130
01000000001110000000 0.8797276853252648 0.05446293494704992 0.06278366111951589 0.0030257186081694403 1322
00100000001100000000 0.5979073243647235 0.10463378176382661 0.24962630792227206 0.04783258594917788 1338
01000000001101000000 0.9782157676348547 0.02074688796680498 0.001037344398340249 0.0 964
10000000001100000000 0.5908419497784343 0.11152141802067947 0.2533234859675037 0.04431314623338257 1354
00000000001100001001 0.00904392764857881 0.9909560723514211 0.0 0.0 774
00000000001100000101 0.24532224532224534 0.7505197505197505 0.0031185031185031187 0.0010395010395010396 962
00000000001100001000 0.9818840579710145 0.01570048309178744 0.0024154589371980675 0.0 828
00000001001100000100 0.9525691699604744 0.04189723320158103 0.005533596837944664 0.0 1265
00000010001100010000 0.585195530726257 0.11033519553072625 0.25977653631284914 0.0446927374301676 716
01100000001100010000 0.8041044776119403 0.020522388059701493 0.17350746268656717 0.0018656716417910447 536
00001000001100000000 0.5777777777777777 0.10326797385620914 0.28888888888888886 0.030065359477124184 765
00000000001101000000 0.014705882352941176 0.9803921568627451 0.0 0.004901960784313725 816
00000000001101110000 0.016194331983805668 0.9757085020242915 0.0 0.008097165991902834 494
00000010001100011000 0.6659685863874345 0.030366492146596858 0.2994764397905759 0.004188481675392671 955
00011000001100000001 0.8110647181628392 0.18058455114822547 0.007306889352818371 0.0010438413361169101 958
00000000101100000000 0.607707509881423 0.09387351778656126 0.2509881422924901 0.04743083003952569 1012
00000000101100001001 0.018413597733711047 0.9787535410764873 0.0 0.0028328611898017 706
00000000001110000001 0.958904109589041 0.00228310502283105 0.03767123287671233 0.001141552511415525 876
00100000001100000101 0.8957816377171216 0.0967741935483871 0.004962779156327543 0.0024813895781637717 806
00000100001100000000 0.6095571095571095 0.12121212121212122 0.24475524475524477 0.024475524475524476 858
00000000011100100100 0.9416745061147695 0.030103480714957668 0.027281279397930385 0.0009407337723424271 1063
00100000001101000000 0.014264264264264264 0.9842342342342343 0.0007507507507507507 0.0007507507507507507 1332
00000000111100000010 0.5400372439478585 0.0 0.4581005586592179 0.00186219739292365 537
00000000011100000001 0.8688293370944993 0.06488011283497884 0.06064880112834979 0.005641748942172073 709
00000100001101000000 0.9820441988950276 0.016574585635359115 0.0 0.0013812154696132596 724
00000000001101000000 0.9829476248477467 0.014616321559074299 0.00243605359317905 0.0 821
10000000001100011000 0.8805970149253731 0.003316749585406302 0.11442786069651742 0.001658374792703151 603
00011000001100000000 0.5749636098981077 0.018922852983988356 0.4032023289665211 0.002911208151382824 687
00000010001101010000 0.9709923664122138 0.0183206106870229 0.010687022900763359 0.0 655
00000000011100100001 0.885773624091381 0.037383177570093455 0.07476635514018691 0.0020768431983385254 963
00100000001101000000 0.9769585253456221 0.02304147465437788 0.0 0.0 1085
10000000001100001001 0.01021355617455896 0.9888579387186629 0.0 0.0009285051067780873 1077
00001000001101000000 0.216 0.7792 0.0032 0.0016 625
00000100001100001000 0.9799528301886793 0.015330188679245283 0.0047169811320754715 0.0 848
01000000001100000101 0.691358024691358 0.2945326278659612 0.007054673721340388 0.007054673721340388 567
00010000001100000111 0.5872727272727273 0.03636363636363636 0.3654545454545455 0.01090909090909091 550
00000010001100001000 0.7176981541802389 0.009771986970684038 0.2681867535287731 0.004343105320304018 921
00001000001101000001 0.14417744916820702 0.8521256931608133 0.0018484288354898336 0.0018484288354898336 541
00000000001100000001 0.6038095238095238 0.002857142857142857 0.3914285714285714 0.0019047619047619048 1050
00000000001100110100 0.9696969696969697 0.019853709508881923 0.0073145245559038665 0.003134796238244514 957
00011000001100000010 0.5280112044817927 0.0700280112044818 0.3739495798319328 0.028011204481792718 714
01000000001100001000 0.7957317073170732 0.19969512195121952 0.001524390243902439 0.003048780487804878 656
00000000011110110000 0.6595744680851063 0.0 0.3404255319148936 0.0 329
00000001001100000000 0.6024590163934426 0.1133879781420765 0.23633879781420766 0.04781420765027322 732
00010000001101100000 0.9585492227979274 0.0051813471502590676 0.031088082901554404 0.0051813471502590676 386
00000001001101000000 0.011315417256011316 0.9872701555869873 0.0 0.0014144271570014145 707
00000000001100100001 0.8316831683168316 0.0009000900090009 0.16741674167416742 0.0 1111
00000000011100001001 0.009057971014492754 0.9782608695652174 0.0018115942028985507 0.010869565217391304 552
00000010001100011001 0.03185595567867036 0.7382271468144044 0.00554016620498615 0.22437673130193905 722
00000000111110000000 0.7921847246891652 0.003552397868561279 0.20426287744227353 0.0 563
01000000001100000110 0.5427046263345195 0.05338078291814947 0.3683274021352313 0.03558718861209965 562
00010000001100011001 0.014644351464435146 0.8368200836820083 0.008368200836820083 0.1401673640167364 478
00100000001100011001 0.042600896860986545 0.8430493273542601 0.006726457399103139 0.10762331838565023 446
00010000001100000101 0.8303464755077659 0.15651135005973715 0.007168458781362007 0.005973715651135006 837
00011000001100100000 0.9206680584551148 0.03966597077244259 0.03966597077244259 0.0 479
01000000001100001000 0.8378812199036918 0.15890850722311398 0.0016051364365971107 0.0016051364365971107 623
00000000001100000011 0.6459770114942529 0.034482758620689655 0.296551724137931 0.022988505747126436 435
01000000001101000000 0.9846005774783445 0.013474494706448507 0.0009624639076034649 0.0009624639076034649 1039
01100000001100100000 0.7902912621359224 0.08155339805825243 0.12427184466019417 0.003883495145631068 515
00000000001100011001 0.006389776357827476 0.8594249201277955 0.012779552715654952 0.12140575079872204 313
00000000001100000001 0.1206896551724138 0.6228448275862069 0.04310344827586207 0.21336206896551724 464
00010000001100000110 0.5425219941348973 0.017595307917888565 0.4310850439882698 0.008797653958944282 1023
00010000001110100000 0.75809199318569 0.0017035775127768314 0.23850085178875638 0.0017035775127768314 587
10000000001101100000 0.923943661971831 0.014084507042253521 0.059154929577464786 0.0028169014084507044 355
00000000011100100001 0.8757861635220126 0.05345911949685535 0.06289308176100629 0.007861635220125786 636
00001000001100011000 0.8914141414141414 0.007575757575757576 0.09595959595959595 0.005050505050505051 396
00000000011101000000 0.7338820301783264 0.04252400548696845 0.2167352537722908 0.006858710562414266 729
00000000101100010001 0.46932515337423314 0.08742331288343558 0.43098159509202455 0.012269938650306749 652
00000000011101100000 0.021052631578947368 0.8180451127819549 0.013533834586466165 0.14736842105263157 665
00001000001100000010 0.39909297052154197 0.3333333333333333 0.22448979591836735 0.04308390022675737 441
00000101001100010000 0.5956607495069034 0.0 0.40433925049309666 0.0 507
00000000011100000000 0.5855072463768116 0.11159420289855072 0.24782608695652175 0.05507246376811594 690
00011000001110000000 0.8468809073724007 0.020793950850661626 0.1323251417769376 0.0 529
01100000001100000000 0.48545454545454547 0.08545454545454545 0.38545454545454544 0.04363636363636364 550
00010000001100001000 0.9564032697547684 0.0326975476839237 0.008174386920980926 0.0027247956403269754 367
01100000001100000000 0.3756906077348066 0.2513812154696133 0.26243093922651933 0.11049723756906077 362
00000000011101100000 0.7344461305007587 0.024279210925644917 0.23975720789074356 0.0015174506828528073 659
00000100001100000110 0.5526315789473685 0.014473684210526316 0.42894736842105263 0.003947368421052632 760
00011000001100000100 0.7821612349914236 0.20754716981132076 0.010291595197255575 0.0 583
00000100001100010100 0.4373522458628842 0.03309692671394799 0.5200945626477541 0.009456264775413711 423
00000000111100000000 0.6140350877192983 0.007017543859649123 0.37894736842105264 0.0 570
00100000001100000111 0.5622641509433962 0.04150943396226415 0.37924528301886795 0.016981132075471698 530
00000001001100001000 0.9264497878359265 0.07072135785007072 0.002828854314002829 0.0 707
00000000101100000101 0.7428087986463621 0.23688663282571912 0.01692047377326565 0.00338409475465313 591
00000010001100010110 0.510934393638171 0.03578528827037773 0.43339960238568587 0.019880715705765408 503
00011000001100010100 0.5 0.13043478260869565 0.35144927536231885 0.018115942028985508 276
11000000001100000000 0.5018382352941176 0.07352941176470588 0.38786764705882354 0.03676470588235294 544
10000000001110100000 0.8581818181818182 0.0 0.14 0.0018181818181818182 550
01000000001100001001 0.06679764243614932 0.9332023575638507 0.0 0.0 509
00000000001000000000 0.9969135802469136 0.0 0.0030864197530864196 0.0 648
00000000011100001000 0.9492307692307692 0.026153846153846153 0.024615384615384615 0.0 650
00000010001100000000 0.5847701149425287 0.10201149425287356 0.28304597701149425 0.03017241379310345 696
