000000000000000000000000 0.9996015140085494 3.321819457127354e-05 0.0003530922036500311 1.2175593229311417e-05 7556100
001000000000000000000000 0.9996206074575689 7.15834985719092e-05 0.0003078090438592096 0.0 139697
100000000000000000000000 0.9996392626528624 4.3288481656505895e-05 0.0002958046246527903 2.1644240828252947e-05 138605
000100000000000000000000 0.9993715249024016 0.0001848456169407311 0.0004066603572696084 3.696912338814622e-05 135248
000000100000000000000000 0.9992944180628975 0.00013439655944807812 0.0005599856643669922 1.1199713287339843e-05 89288
000000000100000000000000 0.9988018571214617 0.0006365134042234537 0.0005366681643452648 2.4961309969547202e-05 80124
000000010000000100000000 0.9783071637468412 5.678752945853091e-05 0.02160765495897101 2.8393764729265454e-05 70438
000000001000000000000000 0.9994773902519529 0.00017878754538453074 0.0003163164264495544 2.750577621300473e-05 72712
000000010000000000000000 0.9776477605157772 8.520548723337782e-05 0.022196029424294925 7.100457269448152e-05 70418
010000000000000000000100 0.9823157530094396 0.01730319563522993 0.0002944487745734823 8.660258075690655e-05 57735
000000000010001000000000 0.9781320729596592 0.0002995606443882306 0.021551724137931036 1.6642258021568366e-05 60088
000000000010000000000000 0.9788598849001534 1.6489949375855417e-05 0.02112362515047079 0.0 60643
010000000000000000000000 0.9819688792317937 0.01754047802621434 0.00035045910142286394 0.00014018364056914557 57068
000010000000000000001000 0.9831054583995761 0.016089030206677266 0.0006783253842077372 0.0001271860095389507 47175
000010000000000000000000 0.9835981438316618 0.015717554476829973 0.0006201484079293458 6.415328357889785e-05 46763
110000000000000000000100 0.991256404544442 0.008465137001559367 0.0002784584539986634 0.0 17956
101000000000000000000000 0.999102118999162 0.00023943493355680593 0.0006584460672812163 0.0 16706
011000000000000000000000 0.9920445505171042 0.0076145016479145355 0.00034094783498124785 0.0 17598
000000110000000100000000 0.9776847064982658 0.0 0.022249852758327335 6.54407434068451e-05 15281
000110000000000000000000 0.9863540937718684 0.013296011196641007 0.0003498950314905528 0.0 14290
000110000000000000001000 0.983364395665079 0.015945330296127564 0.0006212466349140609 6.90274038793401e-05 14487
000000101000000000000000 0.9992326580724371 0.0001534683855125844 0.0006138735420503376 0.0 13032
000000110000000000000000 0.9785290086797624 0.0002610454871761404 0.021209945833061412 0.0 15323
000000000110001000000000 0.9777638092244834 0.0009428773473717294 0.02129331342814489 0.0 12727
000000000110000000000000 0.9758909002354087 0.0002435262602483968 0.023784398084260087 8.117542008279893e-05 12319
000000100000000000100100 0.9814666514128818 0.018075735041757236 0.0004576135453609427 0.0 8741
011000000000000000000100 0.9668427559851636 0.03248285939080589 0.00044958974935371473 0.00022479487467685737 8897
110000000000000000000000 0.9587268275620846 0.04057362714235747 0.0006995452955578874 0.0 8577
000000000100000000000100 0.884802070974005 0.11217775860209254 0.0019415381296516018 0.0010786322942508899 9271
111000000000000000000100 0.9816046966731898 0.01761252446183953 0.0007827788649706458 0.0 7665
000000001000000000001100 0.9816556368280506 0.017067223963775687 0.0010449320794148381 0.0002322071287588529 8613
111000000000000000000000 0.981203007518797 0.018278454757583613 0.000388903292714545 0.00012963443090484831 7714
000000101000000000101100 0.9837176135013074 0.015806988352745424 0.0004753981459472308 0.0 8414
000000100000000000100000 0.9734609791565682 0.024357731459040233 0.0016965584100824044 0.0004847309743092584 8252
000100000000000100000000 0.9130074565037283 0.002347417840375587 0.08436895885114609 0.00027616680475006904 7242
000000100000100000100000 0.9935749588138385 0.0008237232289950577 0.0008237232289950577 0.0047775947281713345 6070
000000001000000000001000 0.926438826070385 0.07241773599288527 0.0011434379367297675 0.0 7871
000000111000000000000000 0.9793861658268438 0.00015269506794930523 0.020461139105206902 0.0 6549
000000011000000000000000 0.977906976744186 0.0 0.022093023255813953 0.0 6880
000000011000000100000000 0.9788490591951655 0.0001373437714599643 0.021013597033374538 0.0 7281
001000000000001000000000 0.979813401187447 0.00033927056827820186 0.01984732824427481 0.0 5895
000000111000000100000000 0.9762584522915101 0.00045078888054094667 0.02329075882794891 0.0 6655
100000000000100000000000 0.9809556197925523 0.0003400782179901377 0.018704301989457574 0.0 5881
000000101000000000101000 0.972394540942928 0.02698511166253102 0.00031017369727047146 0.00031017369727047146 6448
000100000000001100001100 0.994991652754591 0.0007419773696902244 0.0009274717121127806 0.00333889816360601 5391
010000000000000000001100 0.9734060688714626 0.024889191953631096 0.0013637913399249914 0.00034094783498124785 5866
000010000000000000001100 0.9459126145172657 0.05162085976039464 0.0012332628611698379 0.0012332628611698379 5676
000100000000001100000000 0.9607607950651131 0.00017135023989033586 0.03906785469499657 0.0 5836
000000010000001100000000 0.9803370786516854 0.00035112359550561797 0.019311797752808987 0.0 5696
000000100000100100100100 0.9927790788446527 0.00039032006245121 0.000975800156128025 0.00585480093676815 5124
100000000000000000100000 0.98397309062129 0.01226751088246933 0.0031658092599920855 0.000593589236248516 5054
010000000000000000100100 0.9791287063110816 0.018883551432830877 0.0011595163160510187 0.000828225940036442 6037
000000000100000100000100 0.9821273642200243 0.003990976921742148 0.006073225750477182 0.007808433107756377 5763
000000101000101000101000 0.9940637720488467 0.0008480325644504749 0.00033921302578018993 0.0047489823609226595 5896
000100000000000000000100 0.8541628877199346 0.1400326500997642 0.004716125521494649 0.0010883366588064574 5513
000000101000101100101100 0.9952522255192878 0.0003956478733926805 0.000791295746785361 0.0035608308605341245 5055
000100000000100100100100 0.9939181717655732 0.0005528934758569849 0.0009214891264283082 0.0046074456321415404 5426
000000001000001100001100 0.993633107839236 0.0003979307600477517 0.0007958615200955034 0.005173099880620772 5026
000000001000001000001000 0.9908998988877654 0.0018537243006403776 0.0010111223458038423 0.00623525446579036 5934
000000000100000000100100 0.9505279624560031 0.046929996089166995 0.0011732499022291747 0.001368791552600704 5114
000100000000100100000000 0.9615317667536989 0.00034812880765883376 0.037771975630983466 0.00034812880765883376 5745
000000010000100100000000 0.9742803610969171 0.00017032873445750298 0.025378981434167943 0.00017032873445750298 5871
010000000000000000101100 0.9632958801498127 0.0348314606741573 0.0016853932584269663 0.00018726591760299626 5340
000100000000101100000000 0.9563709382986492 0.00018254837531945966 0.043446513326031395 0.0 5478
000000011000001100000000 0.9976520309931909 0.0009391876027236441 0.001408781404085466 0.0 4259
000000000100100100100100 0.9939908827186076 0.00020721094073767094 0.0004144218814753419 0.005387484459179445 4826
000000000100001100001100 0.9930875576036866 0.00020946795140343527 0.001466275659824047 0.005236698785085882 4774
000000110000100100000000 0.9958140559594625 0.0006609385327164573 0.003525005507821106 0.0 4539
111000000000000000101100 0.9957346982298998 0.0034122414160801876 0.0008530603540200469 0.0 4689
011000000000000000001100 0.9964594807238395 0.003147128245476003 0.0003933910306845004 0.0 5084
000100000000101100101100 0.9943481537302186 0.0005651846269781462 0.0013187641296156744 0.0037678975131876413 5308
000000000100000000101100 0.959679037111334 0.03831494483450351 0.0012036108324974925 0.0008024072216649949 4985
000110000000000000100100 0.9903719912472647 0.007439824945295405 0.0019693654266958426 0.0002188183807439825 4570
000000000100101100101100 0.994065934065934 0.0006593406593406593 0.0008791208791208791 0.004395604395604396 4550
000000001000001000000000 0.981203007518797 0.0018796992481203006 0.016917293233082706 0.0 3724
000000111000101100000000 0.9968636911942099 0.00024125452352231604 0.0028950542822677927 0.0 4145
000000010000101100000000 0.96035917652212 0.0002190100744634253 0.03942181340341656 0.0 4566
110000000000000000100100 0.9975076687116564 0.0017254601226993865 0.0007668711656441718 0.0 5216
000010000000000000100100 0.9906937394247038 0.008037225042301184 0.0012690355329949238 0.0 4728
000110000000000000001100 0.9741482965931864 0.022845691382765532 0.0028056112224448897 0.0002004008016032064 4990
000100000000000000010000 0.535475234270415 0.001606425702811245 0.46238286479250335 0.000535475234270415 3735
001000000000000000001000 0.9803579223046704 0.016586643387167175 0.002182453077258839 0.0008729812309035355 4582
000000000010001100000000 0.9611951175077428 0.0027327382036800873 0.03588996174166515 0.00018218254691200583 5489
000000000100000000001100 0.9541552867733125 0.04350370659383535 0.0015606710885680843 0.0007803355442840422 5126
000100000000000100000100 0.9768730426403276 0.008672609009877139 0.004336304504938569 0.01011804384485666 4151
000000000100000100000000 0.910240817319387 0.007540744344441742 0.08173193870104598 0.00048649963512527365 4111
000000000010100100000000 0.9871763851923542 0.00024195499637067505 0.012339704814904429 0.00024195499637067505 4133
010000000000001000000100 0.9717607973421927 0.005260243632336656 0.022425249169435217 0.0005537098560354374 3612
100000000000000000010000 0.5527917438475787 0.0013231013495633766 0.4458851548028579 0.0 3779
001000000000000000000010 0.549159304645198 0.0005699629524080935 0.44970076944998577 0.0005699629524080935 3509
001000000000000000010000 0.5355905091975474 0.0018661690215942416 0.4620101306318315 0.0005331911490269261 3751
010000000000100000000100 0.9748852281933568 0.0032406157169862274 0.020253848231163923 0.0016203078584931137 3703
000000000110001100000000 0.9809725158562368 0.003288700963119568 0.015503875968992248 0.0002349072116513977 4257
001000000000001000001000 0.9945320038597619 0.002251527822450949 0.0009649404953361209 0.002251527822450949 3109
001000000000001100000000 0.9757989450822215 0.00031026993484331366 0.02358051504809184 0.00031026993484331366 3223
001000000000000000001100 0.9746337977849232 0.023579849946409433 0.0010718113612004287 0.0007145409074669524 2799
000100000000000000000010 0.5577797998180164 0.003639672429481347 0.4370639975735517 0.001516530178950561 3297
101000000000101000000000 0.9732262382864793 0.0013386880856760374 0.025435073627844713 0.0 2988
000000000110100100000000 0.9930910951893551 0.00025588536335721597 0.0063971340839304 0.00025588536335721597 3908
000000010000000100100000 0.9648403164371521 0.024904775857017288 0.007031936712569587 0.0032229709932610606 3413
100000000000000100000000 0.8748488512696493 0.0006045949214026602 0.12454655380894801 0.0 3308
000000000010001000000100 0.8912529550827423 0.09308510638297872 0.012115839243498818 0.0035460992907801418 3384
010000000000100000100100 0.976502311248074 0.0023112480739599386 0.01810477657935285 0.0030816640986132513 2596
100000000000100100000000 0.9730500951173113 0.0003170577045022194 0.02663284717818643 0.0 3154
000010000000000100001000 0.9506493506493506 0.006060606060606061 0.04184704184704185 0.001443001443001443 3465
000110000000101100100100 0.9748400852878465 0.0 0.024733475479744138 0.00042643923240938164 2345
001000000000001100001100 0.9963708347080171 0.0009897723523589574 0.0009897723523589574 0.001649620587264929 3031
000000100000100000000000 0.9854068760821172 0.0004946821667078902 0.01409844175117487 0.0 4043
000010000000001100001100 0.9708179202630497 0.0016440608302507192 0.026304973284011508 0.0012330456226880395 2433
100000000000000000000100 0.708496366685299 0.2850754611514813 0.0036333147009502517 0.002794857462269424 3578
110000000000100000000100 0.9916521739130435 0.001391304347826087 0.004869565217391304 0.0020869565217391303 2875
001000000000000000000100 0.7264260768335273 0.2689173457508731 0.0032013969732246797 0.0014551804423748546 3436
000110000000100100100100 0.9772631578947368 0.0004210526315789474 0.02063157894736842 0.0016842105263157896 2375
010000000000100100100100 0.9736 0.0004 0.0244 0.0016 2500
001000000000000100000000 0.8641367323290846 0.0005793742757821553 0.13528389339513325 0.0 3452
101000000000101100000000 0.9774535809018567 0.000663129973474801 0.021883289124668436 0.0 3016
010000000000101100101100 0.9766881028938906 0.0008038585209003215 0.02090032154340836 0.001607717041800643 2488
100000000000000000100100 0.9679811257162116 0.02965958881024604 0.0016852039096730705 0.0006740815638692282 2967
111000000000101000101100 0.9796830556684275 0.0008126777732629012 0.01828524989841528 0.001219016659894352 2461
000100000000000000001100 0.9540925266903915 0.0402135231316726 0.004626334519572953 0.0010676156583629894 2810
000100000000000000001000 0.8688391038696538 0.12423625254582485 0.003258655804480652 0.0036659877800407333 2455
101000000000101100101100 0.996003996003996 0.000666000666000666 0.000999000999000999 0.002331002331002331 3003
100000000000100000100000 0.9949109414758269 0.0015903307888040711 0.0015903307888040711 0.0019083969465648854 3144
100000000000001000000000 0.9806295399515739 0.0003459010722933241 0.019024558976132824 0.0 2891
101000000000000000101000 0.9789473684210527 0.01949317738791423 0.0011695906432748538 0.0003898635477582846 2565
000000011000001100001000 0.981810115350488 0.014640638864241348 0.001774622892635315 0.001774622892635315 2254
001000000000100000000000 0.9825540823447313 0.0003489183531053733 0.017096999302163293 0.0 2866
000000010000000000001100 0.9560912613000431 0.0284115368058545 0.01162290142057684 0.0038743004735256135 2323
000110000000001100000000 0.9915518008003558 0.0008892841262783459 0.005780346820809248 0.0017785682525566918 2249
010000000000101000000100 0.9513677811550152 0.0011398176291793312 0.04559270516717325 0.001899696048632219 2632
000110000000000100001100 0.9645335389360061 0.006168080185042405 0.025443330763299923 0.0038550501156515036 2594
011000000000001100000000 0.9928390901432183 0.0012636899747262005 0.004633529907329402 0.0012636899747262005 2374
000000010000000100001000 0.9678690512276448 0.022431039709002728 0.006668687481054865 0.003031221582297666 3299
100000000000100100100100 0.9960797125122509 0.0 0.0006533812479581836 0.003266906239790918 3061
000100000000001000000000 0.9424720578566732 0.0006574621959237344 0.056870479947403026 0.0 3042
000010000000100100100100 0.9724080267558528 0.0008361204013377926 0.025501672240802676 0.001254180602006689 2392
000100000000000000100100 0.9540434627716423 0.0420377627360171 0.0021375133594584966 0.0017812611328820805 2807
101000000000101000101000 0.9939929328621908 0.0010600706713780918 0.0007067137809187279 0.004240282685512367 2830
000100000000100000000000 0.9432090318166267 0.0 0.056790968183373244 0.0 2923
101000000000000000101100 0.9771708112515287 0.02242152466367713 0.0 0.00040766408479412964 2453
000000010000001100001100 0.972234273318872 0.017787418655097614 0.003036876355748373 0.006941431670281995 2305
000000000110000000100100 0.9870775347912525 0.007455268389662028 0.0019880715705765406 0.0034791252485089465 2012
100000000000000000000010 0.5509313154831199 0.0005820721769499418 0.4481955762514552 0.0002910360884749709 3436
010000000000001000001100 0.9706103993971364 0.0018839487565938207 0.024491333835719668 0.003014318010550113 2654
000000110000000100100000 0.9884645982498012 0.0059665871121718375 0.003977724741447892 0.0015910898965791568 2514
000000001000000000000100 0.7042181069958847 0.2839506172839506 0.00874485596707819 0.0030864197530864196 1944
000000100000000100000000 0.7556319205803742 0.0 0.24398625429553264 0.00038182512409316535 2619
110000000000100100000000 0.9961928934010152 0.0012690355329949238 0.001692047377326565 0.0008460236886632825 2364
010000000000001100001100 0.9740313272877164 0.001236603462489695 0.023495465787304205 0.001236603462489695 2426
000000110000100100100000 0.978984238178634 0.01795096322241681 0.00043782837127845885 0.002626970227670753 2284
000000011000000100001000 0.9886887306242145 0.00754084625052367 0.0020946795140343527 0.0016757436112274822 2387
000000010000000000100100 0.9610974610974611 0.025798525798525797 0.009828009828009828 0.003276003276003276 2442
000110000000101100001000 0.9925731760594146 0.00043687199650502403 0.004805591961555264 0.00218435998252512 2289
011000000000001000000100 0.9927921092564491 0.0030349013657056147 0.0018968133535660092 0.002276176024279211 2636
111000000000101100000000 0.995242214532872 0.00043252595155709344 0.0021626297577854673 0.0021626297577854673 2312
111000000000101100101100 0.9812811980033278 0.0008319467554076539 0.016638935108153077 0.0012479201331114808 2404
010000000000101100000000 0.9513078470824949 0.00040241448692152917 0.0454728370221328 0.0028169014084507044 2485
010000000000100100000000 0.9754921655283246 0.0 0.02249899558055444 0.002008838891120932 2489
000110000000100100000000 0.9916739702015775 0.0013146362839614374 0.0056967572304995615 0.0013146362839614374 2282
000000000110001100000100 0.9674152355790401 0.026420079260237782 0.0035226772346983706 0.002642007926023778 2271
000000100000100100000000 0.9715909090909091 0.0017482517482517483 0.02666083916083916 0.0 2288
010000000000101000101100 0.9730051607780865 0.0007939658594680428 0.02143707820563716 0.004763795156808257 2519
000000000100000000000010 0.5623506927854754 0.004300047778308648 0.43096034400382227 0.0023889154323936935 2093
000000010000001100001000 0.9772629772629773 0.018447018447018446 0.003432003432003432 0.000858000858000858 2331
000000010000000100101000 0.963302752293578 0.029916234543278818 0.002792181890706023 0.003988831272437176 2507
110000000000100000100100 0.9833396440742143 0.0 0.01628171147292692 0.0003786444528587656 2641
110000000000100100100100 0.9694288012872083 0.00040225261464199515 0.02775543041029767 0.002413515687851971 2486
000010000000001100000000 0.9888412017167382 0.0012875536480686696 0.0068669527896995704 0.0030042918454935624 2330
000000111000101100101000 0.9796484736355227 0.018038852913968548 0.0009250693802035153 0.0013876040703052729 2162
000100000000000000100000 0.9586872586872587 0.032432432432432434 0.005019305019305019 0.003861003861003861 2590
000010000000100100000000 0.992171405026782 0.0 0.006592501030078286 0.0012360939431396785 2427
000100000000000000101100 0.9596284387281172 0.03787066809574848 0.0010718113612004287 0.0014290818149339049 2799
000110000000000100001000 0.9722742600224803 0.005245410266017235 0.020606968902210566 0.0018733608092918695 2669
010000000000001100000000 0.9739307535641548 0.0012219959266802445 0.024439918533604887 0.0004073319755600815 2455
000000110000100100100100 0.9732225300092336 0.019852262234533704 0.002770083102493075 0.004155124653739612 2166
000000110000000000100100 0.9899221255153459 0.005955107650022904 0.001374255611543747 0.002748511223087494 2183
000000000010001100000100 0.9635135135135136 0.02927927927927928 0.004954954954954955 0.0022522522522522522 2220
000000000100000000010000 0.5513538748832867 0.007469654528478058 0.43977591036414565 0.0014005602240896359 2142
011000000000001000001100 0.9773686229382432 0.0011507479861910242 0.020713463751438434 0.0007671653241273494 2607
000000000010000000001100 0.966728280961183 0.013863216266173753 0.016173752310536044 0.003234750462107209 2164
000000010000100100100000 0.9767950963222417 0.01576182136602452 0.002626970227670753 0.004816112084063047 2284
000000000010001000101100 0.9875776397515528 0.009077878643096034 0.0019111323459149545 0.001433349259436216 2093
001000000000000000100000 0.9738562091503268 0.02191464821222607 0.0038446751249519417 0.00038446751249519417 2601
100000000000000000001000 0.9703196347031964 0.025570776255707764 0.0031963470319634705 0.0009132420091324201 2190
000000000110100100100100 0.9790243902439024 0.01951219512195122 0.0014634146341463415 0.0 2050
011000000000001100001100 0.9749280723386765 0.0004110152075626798 0.02424989724619811 0.0004110152075626798 2433
000010000000101100100100 0.9720550300945829 0.0004299226139294927 0.02407566638005159 0.0034393809114359416 2326
000000010000000000101100 0.9473237043330501 0.033559898045879354 0.015293118096856415 0.0038232795242141037 2354
000000000100001100000000 0.9499128919860628 0.0013066202090592336 0.048344947735191636 0.00043554006968641115 2296
000000001000000000000010 0.571583514099783 0.0010845986984815619 0.425704989154013 0.0016268980477223427 1844
000000101000101100000000 0.98047229791099 0.0 0.01952770208900999 0.0 2202
000000111000101100101100 0.9798072510325837 0.01698026617714548 0.002294630564479119 0.0009178522257916476 2179
000010000000000100001100 0.9493572263342424 0.005453837164004675 0.04090377873003506 0.004285157771717959 2567
000000010000100100100100 0.9736724676483712 0.01651048639000446 0.0035698348951361 0.006247211066488175 2241
000000000010001000000010 0.5329707681849082 0.002719238613188307 0.4629503738953093 0.0013596193065941536 1471
000000000110100100101100 0.9794332723948812 0.01736745886654479 0.0018281535648994515 0.0013711151736745886 2188
000000100000000000000100 0.7232341181697024 0.27143491781430473 0.002221235006663705 0.003109729009329187 2251
000000111000000100101000 0.9928122192273136 0.0031446540880503146 0.0013477088948787063 0.0026954177897574125 2226
000000000110001100001100 0.9757634512845371 0.015996122152205527 0.0058167716917111 0.0024236548715462916 2063
000000010000000000000100 0.6777173913043478 0.23695652173913043 0.07554347826086956 0.009782608695652175 1840
000000010000101100101000 0.9763231197771588 0.014856081708449397 0.003714020427112349 0.00510677808727948 2154
000110000000001100001100 0.9731318219983207 0.0016792611251049538 0.023089840470193114 0.0020990764063811922 2382
000000111000000000101100 0.9925163704396632 0.002806361085126286 0.0018709073900841909 0.002806361085126286 2138
000000010000100000000000 0.926829268292683 0.0 0.07262872628726287 0.0005420054200542005 1845
010000000000000000000010 0.4848161960575386 0.11028236547682473 0.3324453915823122 0.07245604688332445 1877
000000000100000000100000 0.9053472649047326 0.0878918254456054 0.0043023970497848806 0.002458512599877074 1627
010000000000000000010000 0.5696969696969697 0.013333333333333334 0.4084848484848485 0.008484848484848486 1650
000000000010100100100100 0.9856860809476802 0.009378084896347482 0.0029615004935834156 0.0019743336623889436 2026
000000000110000000001100 0.9860627177700348 0.008959681433549029 0.0024888003982080635 0.0024888003982080635 2009
000000011000001100001100 0.9762470308788599 0.021852731591448932 0.00047505938242280285 0.0014251781472684087 2105
000000000010001000010000 0.523142509135201 0.001218026796589525 0.47503045066991473 0.0006090133982947625 1642
000010000000101100001000 0.9914566424604869 0.0 0.0051260145237078175 0.0034173430158052115 2341
000000000100101100000000 0.9597594819611471 0.0 0.04024051803885292 0.0 2162
000000100000000000000010 0.5576923076923077 0.0013736263736263737 0.440018315018315 0.0009157509157509158 2184
000000101000101000000000 0.9756421612046059 0.0008857395925597874 0.023029229406554472 0.0004428697962798937 2258
000000010000000100000010 0.5521962350256703 0.0005704506560182544 0.4472333143183115 0.0 1753
000000100000000000010000 0.5344827586206896 0.00041050903119868636 0.4638752052545156 0.0012315270935960591 2436
000000000100001000000000 0.8218978102189781 0.0024330900243309003 0.175669099756691 0.0 2055
000000001000000000010000 0.5600200904068308 0.0010045203415369162 0.43646408839779005 0.0025113008538422904 1991
000000000110001000000100 0.962947189097104 0.02938671209540034 0.00596252129471891 0.0017035775127768314 2348
000000001000100000000000 0.9782214156079855 0.0 0.021778584392014518 0.0 1653
000000100000001000000000 0.9794176706827309 0.000502008032128514 0.020080321285140562 0.0 1992
000000001000001100000000 0.973767526006332 0.0009045680687471732 0.02532790592492085 0.0 2211
000000010000101100101100 0.970325011775789 0.02166745171926519 0.0023551577955723034 0.005652378709373528 2123
000000011000000000001100 0.9914163090128756 0.004291845493562232 0.002861230329041488 0.001430615164520744 2097
000000000010000000100100 0.9809124767225326 0.012569832402234637 0.004189944134078212 0.0023277467411545625 2148
000000010000000100000100 0.7194719471947195 0.21177117711771176 0.06105610561056106 0.007700770077007701 1818
000000000100100000000000 0.9490716180371352 0.0015915119363395225 0.0493368700265252 0.0 1885
001000000000000000000110 0.41748366013071897 0.22794117647058823 0.3104575163398693 0.04411764705882353 1224
000000010000000000010000 0.5536635706914345 0.0005159958720330237 0.4453044375644995 0.0005159958720330237 1938
000000010000000000000010 0.5563218390804597 0.0005747126436781609 0.44310344827586207 0.0 1740
100000000000010000000100 0.018996960486322188 0.9779635258358662 0.0007598784194528875 0.0022796352583586625 1316
000000000100100100000000 0.9496629213483146 0.00044943820224719103 0.04943820224719101 0.00044943820224719103 2225
010000000000100000000000 0.8954344624447718 0.04933726067746686 0.04786450662739323 0.007363770250368188 1358
000100000000000000000110 0.46947194719471946 0.19801980198019803 0.2871287128712871 0.04537953795379538 1212
000010000000000000000100 0.6899441340782123 0.3023743016759777 0.0034916201117318434 0.004189944134078212 1432
100000000000000010001000 0.016216216216216217 0.9819819819819819 0.0 0.0018018018018018018 1110
010000000000000000010100 0.5492379835873388 0.012895662368112544 0.42790152403282533 0.00996483001172333 1706
000000010000000100010000 0.5424769703172978 0.0 0.45752302968270214 0.0 1954
111000000000101000000100 0.9936521371138384 0.0008463817181548879 0.003808717731696995 0.0016927634363097758 2363
000000000010100100101100 0.9814905017048222 0.01753531417437896 0.0 0.000974184120798831 2053
000000010000001000000000 0.9247894103489771 0.0 0.07521058965102287 0.0 1662
000000001000000000100000 0.9425444596443229 0.05198358413132695 0.0027359781121751026 0.0027359781121751026 1462
000000000010100000000000 0.9235474006116208 0.0 0.0764525993883792 0.0 1635
000000000010001100001100 0.9510556621880998 0.016794625719769675 0.02927063339731286 0.0028790786948176585 2084
010000000000000000001000 0.8806479113384484 0.11167945439045183 0.0025575447570332483 0.005115089514066497 1173
010000000000000100000000 0.7554611650485437 0.047936893203883495 0.1929611650485437 0.0036407766990291263 1648
000010000000000000000010 0.5542704626334519 0.011565836298932384 0.4279359430604982 0.006227758007117438 1124
010000000000010000000000 0.9719101123595506 0.026217228464419477 0.0018726591760299626 0.0 1068
000000000010000000010000 0.5497808390732624 0.0006261740763932373 0.4495929868503444 0.0 1597
010000000000000100000100 0.8207171314741036 0.05976095617529881 0.11620185922974767 0.0033200531208499337 1506
001000000000000000110000 0.5230923694779116 0.01706827309236948 0.44879518072289154 0.01104417670682731 996
000100000000010000000000 0.9507221750212405 0.041631265930331354 0.006796941376380629 0.0008496176720475786 1177
000000000010000100000000 0.8257575757575758 0.0 0.17424242424242425 0.0 1848
001000000000010000000100 0.01809954751131222 0.9796380090497737 0.0 0.0022624434389140274 1326
000000001000000100000000 0.7733268197361993 0.0004885197850512946 0.2256961406936981 0.0004885197850512946 2047
100000000000000000000110 0.44869706840390877 0.1970684039087948 0.2996742671009772 0.05456026058631922 1228
000000000010000000000010 0.5775803144224196 0.000683526999316473 0.42105263157894735 0.000683526999316473 1463
010000000000001000000000 0.8830364058869093 0.053446940356312936 0.061967467079783116 0.001549186676994578 1291
000000000110001000101100 0.9887144259077527 0.0068694798822374874 0.001962708537782139 0.0024533856722276743 2038
000000000010000000100000 0.929553264604811 0.04896907216494845 0.019759450171821305 0.001718213058419244 1164
000010000000000100000000 0.8036391205458681 0.032600454890068235 0.16300227445034116 0.000758150113722517 1319
000010000000000000001010 0.5421393841166937 0.012965964343598054 0.4327390599675851 0.012155591572123177 1234
000000000010000000000100 0.6881443298969072 0.25902061855670105 0.04445876288659794 0.008376288659793814 1552
010000000000000000100000 0.8948948948948949 0.0990990990990991 0.0037537537537537537 0.0022522522522522522 1332
001000000000000010000000 0.9624454148471616 0.034934497816593885 0.0026200873362445414 0.0 1145
001000000000000000011000 0.6025236593059937 0.01892744479495268 0.37381703470031546 0.00473186119873817 634
000010000000000000011000 0.48452883263009844 0.06329113924050633 0.40717299578059074 0.0450070323488045 1422
000000100000000000110000 0.5468956406869221 0.013210039630118891 0.4332892998678996 0.0066050198150594455 757
000010000000100000000000 0.9331501831501832 0.011904761904761904 0.054945054945054944 0.0 1092
000000000010001000001000 0.873046875 0.037109375 0.0849609375 0.0048828125 1024
000000000010101000000000 0.9678266579120157 0.0 0.03217334208798424 0.0 1523
000010000000001000001000 0.8952830188679245 0.06509433962264151 0.035849056603773584 0.0037735849056603774 1060
000100000000010000000100 0.02564102564102564 0.9642579642579643 0.008547008547008548 0.001554001554001554 1287
000000000100000000001000 0.8877476155539251 0.10418195157740279 0.00293470286133529 0.005135730007336757 1363
000000000100000000000110 0.4666666666666667 0.1724137931034483 0.32298850574712645 0.03793103448275862 870
001000000000000000101000 0.9044205495818399 0.08363201911589008 0.008363201911589008 0.0035842293906810036 837
100000000000010000000000 0.9794168096054888 0.018867924528301886 0.0008576329331046312 0.0008576329331046312 1166
000100000000000010000000 0.9883824843610366 0.0071492403932082215 0.0035746201966041107 0.0008936550491510277 1119
000000010000010100000100 0.016034985422740525 0.9577259475218659 0.0058309037900874635 0.02040816326530612 686
000000010000000000100000 0.8865199449793673 0.05364511691884457 0.0577716643741403 0.0020632737276478678 1454
000000010000000100000110 0.45032051282051283 0.1778846153846154 0.3333333333333333 0.038461538461538464 624
000000000010001000100000 0.9518672199170124 0.025726141078838173 0.019087136929460582 0.0033195020746887966 1205
000100000000000000101000 0.8712541620421753 0.11320754716981132 0.00776914539400666 0.00776914539400666 901
000010000000000000010000 0.47646632874728456 0.06806661839246922 0.4091238233164374 0.04634322954380883 1381
000000010000000010000000 0.7677852348993288 0.013422818791946308 0.19865771812080538 0.020134228187919462 745
000010000000000000100000 0.8853354134165367 0.10374414976599064 0.0062402496099844 0.0046801872074883 1282
000010000000000010001000 0.9780645161290322 0.02064516129032258 0.0012903225806451613 0.0 775
100000000000000010000000 0.9846708746618575 0.012623985572587917 0.0018034265103697023 0.0009017132551848512 1109
010000000000010000000100 0.9792256846081209 0.02077431539187913 0.0 0.0 1059
001000000000010000000000 0.9819432502149613 0.018056749785038694 0.0 0.0 1163
010000000000000000000110 0.46846361185983826 0.10943396226415095 0.34285714285714286 0.07924528301886792 1855
001000000000000010001000 0.028054298642533938 0.9692307692307692 0.0009049773755656109 0.0018099547511312218 1105
100000000000000000110000 0.5638075313807531 0.009414225941422594 0.4205020920502092 0.006276150627615063 956
000000100000010000000100 0.015945330296127564 0.9840546697038725 0.0 0.0 878
010000000000000000101000 0.7822822822822822 0.21021021021021022 0.0075075075075075074 0.0 666
000100000000000000110000 0.5327313769751693 0.013544018058690745 0.4525959367945824 0.001128668171557562 886
000000000100010000000100 0.06590621039290241 0.9188846641318125 0.012674271229404309 0.0025348542458808617 789
000010000000001000000000 0.8680297397769516 0.06133828996282528 0.06970260223048327 0.0009293680297397769 1076
000100000000000010001000 0.017992424242424244 0.9772727272727273 0.000946969696969697 0.003787878787878788 1056
000000100000000010000000 0.9829545454545454 0.014204545454545454 0.002840909090909091 0.0 704
000010000000100000001000 0.9542981501632208 0.013057671381936888 0.029379760609358 0.003264417845484222 919
000000100000000000101000 0.8167155425219942 0.17008797653958943 0.011730205278592375 0.001466275659824047 682
100000000000000000101000 0.9042904290429042 0.07920792079207921 0.0088008800880088 0.007700770077007701 909
000010000000000000001110 0.4505928853754941 0.1857707509881423 0.3241106719367589 0.039525691699604744 506
000000001000010000000100 0.023809523809523808 0.9747899159663865 0.0 0.0014005602240896359 714
100000000000000000001100 0.89171974522293 0.09766454352441614 0.010615711252653927 0.0 471
000000000010011000000100 0.036603221083455345 0.8199121522693997 0.005856515373352855 0.1376281112737921 683
000000000110000100000000 0.6187845303867403 0.0055248618784530384 0.3738489871086556 0.001841620626151013 543
100000000000000000111000 0.5796064400715564 0.03220035778175313 0.3774597495527728 0.01073345259391771 559
100000000000000000101100 0.8637992831541219 0.11648745519713262 0.010752688172043012 0.008960573476702509 558
000000000010001000000110 0.47282608695652173 0.20833333333333334 0.27717391304347827 0.041666666666666664 552
000000000100000000101000 0.7711267605633803 0.2130281690140845 0.007042253521126761 0.008802816901408451 568
000000010000000110000000 0.7572327044025158 0.0389937106918239 0.2 0.0037735849056603774 795
000000100000010000000000 0.9762219286657859 0.021136063408190225 0.002642007926023778 0.0 757
000100000000000000011000 0.5823970037453183 0.03745318352059925 0.36704119850187267 0.013108614232209739 534
000010000000000000101000 0.9493333333333334 0.03822222222222222 0.008 0.0044444444444444444 1125
000000100000000000000110 0.48400556328233657 0.18636995827538247 0.28372739916550765 0.0458970792767733 719
000000000010001000101000 0.7911832946635731 0.17633410672853828 0.02088167053364269 0.01160092807424594 431
000010000000000010000000 0.9812080536912752 0.013422818791946308 0.004026845637583893 0.0013422818791946308 745
000000001000000000101000 0.773121387283237 0.21965317919075145 0.004335260115606936 0.002890173410404624 692
000000001000000000011000 0.5955734406438632 0.026156941649899398 0.3641851106639839 0.014084507042253521 497
000000000010000000001000 0.8192660550458716 0.06513761467889909 0.11192660550458716 0.003669724770642202 1090
000000010000010100000000 0.9541029207232267 0.02086230876216968 0.01808066759388039 0.006954102920723227 719
000000000100000000110000 0.5437062937062938 0.02972027972027972 0.4178321678321678 0.008741258741258742 572
000110000000000000100000 0.7886497064579256 0.20156555772994128 0.0019569471624266144 0.007827788649706457 511
000010000000010000000000 0.9679633867276888 0.032036613272311214 0.0 0.0 437
000000010000000100110000 0.5564356435643565 0.01782178217821782 0.41386138613861384 0.011881188118811881 505
000000000110001000000010 0.501577287066246 0.012618296529968454 0.4794952681388013 0.006309148264984227 317
011000000000000000010000 0.5791583166332666 0.012024048096192385 0.40681362725450904 0.002004008016032064 499
000000000010011000000000 0.7333333333333333 0.03333333333333333 0.23030303030303031 0.0030303030303030303 660
000000010000000010001000 0.008141112618724558 0.7489823609226595 0.009497964721845319 0.23337856173677068 737
000000000010010000000000 0.7551319648093842 0.010263929618768328 0.2287390029325513 0.005865102639296188 682
000000100000000000101100 0.6934865900383141 0.2988505747126437 0.007662835249042145 0.0 522
000000000010010000000100 0.028963414634146343 0.8277439024390244 0.007621951219512195 0.13567073170731708 656
000000100000100000100100 0.5764023210831721 0.19922630560928434 0.2205029013539652 0.0038684719535783366 517
001000000000000000111000 0.567062818336163 0.03225806451612903 0.3701188455008489 0.030560271646859084 589
000000110000001100000000 0.9431072210065645 0.0 0.05689277899343545 0.0 457
100000000000000000011000 0.6164623467600701 0.014010507880910683 0.3572679509632224 0.012259194395796848 571
011000000000000100000000 0.7321428571428571 0.021825396825396824 0.24404761904761904 0.001984126984126984 504
000000001000000000000110 0.4557823129251701 0.20408163265306123 0.2925170068027211 0.047619047619047616 588
000010000000010000001100 0.19326241134751773 0.8049645390070922 0.0 0.0017730496453900709 564
000000010000010000000100 0.018691588785046728 0.9595015576323987 0.0 0.021806853582554516 642
000000010000000110001000 0.03648648648648649 0.7432432432432432 0.002702702702702703 0.21756756756756757 740
000100000000101000000000 0.7805970149253731 0.0 0.21791044776119403 0.0014925373134328358 670
010000000000000010000000 0.9776286353467561 0.02237136465324385 0.0 0.0 447
000110000000000000000010 0.5173333333333333 0.013333333333333334 0.4533333333333333 0.016 375
011000000000100000000000 0.9674185463659147 0.012531328320802004 0.017543859649122806 0.002506265664160401 399
000000001000000010001000 0.08006279434850863 0.9152276295133438 0.0015698587127158557 0.0031397174254317113 637
000000000100001000000100 0.6137931034482759 0.15517241379310345 0.1896551724137931 0.041379310344827586 290
100000000000101000000000 0.8687392055267703 0.0 0.13126079447322972 0.0 579
000000000110100000000000 0.7311320754716981 0.0 0.2688679245283019 0.0 424
000000100000000000001000 0.9351464435146444 0.059274755927475595 0.0041841004184100415 0.001394700139470014 1434
000000000110000000000100 0.6171079429735234 0.2545824847250509 0.11405295315682282 0.014256619144602852 491
000110000000000000000100 0.5393835616438356 0.4486301369863014 0.00684931506849315 0.005136986301369863 584
101000000000000000010000 0.5094339622641509 0.006289308176100629 0.48427672955974843 0.0 477
011000000000000000000010 0.5309090909090909 0.04363636363636364 0.39636363636363636 0.02909090909090909 550
000100000000000110001000 0.002232142857142857 0.8571428571428571 0.011160714285714286 0.12946428571428573 448
001000000000000000101100 0.8393501805054152 0.14981949458483754 0.009025270758122744 0.0018050541516245488 554
010000000000000010000100 0.8792372881355932 0.11652542372881355 0.00211864406779661 0.00211864406779661 472
000100000000000110000000 0.7476415094339622 0.0047169811320754715 0.24764150943396226 0.0 424
000110000000000000101000 0.8347107438016529 0.15151515151515152 0.0 0.013774104683195593 363
001000000000000100000100 0.7669172932330827 0.05639097744360902 0.05263157894736842 0.12406015037593984 266
000000000100001100101100 0.08144796380090498 0.4072398190045249 0.5067873303167421 0.004524886877828055 221
011000000000000000100100 0.8970189701897019 0.10298102981029811 0.0 0.0 369
101000000000000000000100 0.5080789946140036 0.4865350089766607 0.0017953321364452424 0.003590664272890485 557
000100000000000100001100 0.25565610859728505 0.17194570135746606 0.5588235294117647 0.013574660633484163 442
110000000000000000100000 0.7486910994764397 0.24607329842931938 0.002617801047120419 0.002617801047120419 382
100000000000000110001000 0.010101010101010102 0.8358585858585859 0.007575757575757576 0.14646464646464646 396
000010000000000000111000 0.5482546201232033 0.03696098562628337 0.4127310061601643 0.002053388090349076 487
000000010000000000001000 0.8717518860016764 0.05951383067896061 0.06119027661357921 0.0075440067057837385 1193
000010000000001100001000 0.43333333333333335 0.2074074074074074 0.34814814814814815 0.011111111111111112 270
100000000000000100100100 0.33226837060702874 0.03194888178913738 0.6230031948881789 0.012779552715654952 313
010000000000000010001100 0.1944954128440367 0.8 0.005504587155963303 0.0 545
000000000100010000000000 0.9 0.09333333333333334 0.004 0.0026666666666666666 750
000000001000000010000000 0.91350531107739 0.0834597875569044 0.0030349013657056147 0.0 659
000000010000011000000000 0.9796954314720813 0.0 0.02030456852791878 0.0 197
010000000000000110001000 0.28 0.5 0.1 0.12 250
