00000000000000000000 0.9996415376079459 2.390624967161745e-05 0.00032733172627291587 7.224416109554724e-06 7613072
10000000000000000000 0.9995443023553872 7.12027569707499e-05 0.0003702543362478995 1.4240551394149982e-05 140444
00010000000000000000 0.999488931721278 0.00010951463115472227 0.0003942526721570002 7.300975410314818e-06 136968
00100000000000000000 0.9995721040357721 6.41843946341846e-05 0.0003565799701899145 7.13159940379829e-06 140221
00000100000000000000 0.9994655264564404 0.00010021378941742384 0.00043425975414217 0.0 89808
00000000100000000000 0.9992103639728562 0.00033312769895126466 0.0004441702652683529 1.2338062924120913e-05 81050
00000010000001000000 0.9787752600866259 9.748896285670515e-05 0.021127250950517387 0.0 71803
00000010000000000000 0.9800292529252925 7.031953195319532e-05 0.019886363636363636 1.4063906390639063e-05 71104
00000001000000000000 0.9995802870295153 9.477389656106147e-05 0.00029786081776333605 2.7078256160303277e-05 73860
00000000010010000000 0.9787521858193936 0.00024745125210333564 0.020983866178362863 1.6496750140222375e-05 60618
00000000010000000000 0.9796731896949331 0.0 0.020293865717862555 3.294458720432233e-05 60708
01000000000000000000 0.9836576824572713 0.015819642141575344 0.0004181403209226963 0.00010453508023067407 57397
01000000000000000010 0.9830838736377432 0.01651951993378397 0.00034487515519381984 5.173127327907298e-05 57992
00001000000000000100 0.9853788214443953 0.01407262062999768 0.0004641643985906281 8.439352701647784e-05 47397
00001000000000000000 0.9838072919965377 0.01570713788080309 0.0004855701226592353 0.0 47367
01100000000000000000 0.9919050787314261 0.007817697937458417 0.0002772233311155467 0.0 18036
00000110000000000000 0.9786417700473207 0.0 0.021294283156413865 6.39467962655071e-05 15638
11000000000000000010 0.9916107382550335 0.008053691275167786 0.0002796420581655481 5.592841163310962e-05 17880
10100000000000000000 0.9995263469508585 0.00011841326228537596 0.00035523978685612787 0.0 16890
00000110000001000000 0.9792281061674574 0.0 0.020771893832542635 0.0 15598
00011000000000000000 0.9844807547685787 0.014972311478772133 0.00041020031448690776 0.0001367334381623026 14627
00000101000000000000 0.9989640372946574 7.399733609590054e-05 0.0009619653692467072 0.0 13514
00011000000000000100 0.9841172040802355 0.015403573629081947 0.00047922229068254944 0.0 14607
00000000110000000000 0.9804245283018868 0.0 0.019575471698113207 0.0 12720
00000000110010000000 0.9766487851057116 0.001104449353108236 0.02216787630167245 7.888923950773115e-05 12676
11000000000000000000 0.9660820072017656 0.033337205250319434 0.0005807875479149727 0.0 8609
01100000000000000010 0.9660667201650808 0.032557606328098135 0.0010317551301157859 0.00034391837670526195 8723
11100000000000000010 0.9824184163926132 0.016696180116367317 0.0007589172780166962 0.00012648621300278268 7906
00000011000001000000 0.977580372250423 0.0002820078962210942 0.022137619853355894 0.0 7092
11100000000000000000 0.9834381820516113 0.01591988702015663 0.0005135447425856978 0.00012838618564642445 7789
00000011000000000000 0.9758855585831062 0.00027247956403269756 0.023841961852861037 0.0 7340
00000101000000010110 0.9856801909307876 0.013365155131264916 0.0007955449482895784 0.00015910898965791568 6285
00000010001001000000 0.9784725781650435 0.0 0.021527421834956432 0.0 5853
00000001000000000100 0.9148079825591146 0.08401811168874727 0.0008385041086701325 0.000335401643468053 5963
00000111000000000000 0.9776164549304295 0.00030248033877797946 0.021929824561403508 0.00015124016938898973 6612
00000111000001000000 0.9775636199367566 0.0001505797319680771 0.02228580033127541 0.0 6641
01000000000000010010 0.9834437086092715 0.014900662251655629 0.0008278145695364238 0.0008278145695364238 6040
10000000001000000000 0.9841417910447762 0.00018656716417910448 0.015485074626865672 0.00018656716417910448 5360
00000000100000000010 0.8536585365853658 0.14243277048155098 0.003283302063789869 0.0006253908692933083 6396
01000000000000010110 0.9684170471841704 0.03063165905631659 0.00076103500761035 0.0001902587519025875 5256
00000100000000010010 0.9834006280843428 0.015552564677732915 0.0008972633467922835 0.00014954389113204725 6687
00000001000000000110 0.9839449541284404 0.015137614678899083 0.0009174311926605505 0.0 6540
00001000000000000110 0.9540169133192389 0.04439746300211417 0.0014094432699083862 0.00017618040873854828 5676
00000010000011000000 0.978949169946945 0.0005134348793428033 0.020537395173712135 0.0 5843
00000000010011000000 0.9721577726218097 0.0019632339817954665 0.025700517579867927 0.0001784758165268606 5603
00000100000000010000 0.9735494880546075 0.024061433447098976 0.0017064846416382253 0.0006825938566552901 5860
00011000000000010010 0.994305738063951 0.005475251861585633 0.0002190100744634253 0.0 4566
00010000001001000000 0.9670621931260229 0.00020458265139116204 0.03273322422258593 0.0 4888
00010000000011000000 0.9652045550400675 0.00021088148460565162 0.034162800506115566 0.00042176296921130323 4742
00100000000010000000 0.9827362168182662 0.0 0.017263783181733803 0.0 5387
00010000000001000000 0.9018650862820289 0.0033118354540700714 0.09447446400557782 0.0003486142583231654 5737
01000000000000000110 0.978157805621402 0.020149001015916018 0.0015238740264138164 0.00016931933626820184 5906
11000000000000010010 0.9964823138557749 0.0025405511041625955 0.0007817080320500293 0.00019542700801250732 5117
00010000001001010010 0.9939117199391172 0.0004348771472059143 0.0008697542944118286 0.004783648619265057 4599
00011000000000000110 0.9796042003231018 0.018174474959612278 0.0020193861066235864 0.00020193861066235866 4952
00001000000000010010 0.9929475212611492 0.005807923667288944 0.0012445550715619166 0.0 4821
00010000000000000010 0.8716266866566716 0.12518740629685157 0.0022488755622188904 0.0009370314842578711 5336
00000110001001000000 0.9982506013557839 0.0 0.0017493986442160508 0.0 4573
00000001000011000110 0.9962738705170004 0.0002328830926874709 0.0004657661853749418 0.0030274802049371215 4294
00010000001011000000 0.9573972022043239 0.0 0.042602797795676134 0.0 4718
00000000011001000000 0.9926686217008798 0.0004887585532746823 0.006842619745845552 0.0 4092
10000000000000010000 0.9845008051529791 0.012278582930756845 0.002818035426731079 0.00040257648953301127 4968
00000000111001000000 0.9925907631513954 0.0004939491232403062 0.006668313163744134 0.0002469745616201531 4049
00000101001011010110 0.9971704786606932 0.0 0.0004715868898844612 0.002357934449422306 4241
00000000110011000000 0.9835315645013724 0.0034309240622140895 0.01303751143641354 0.0 4372
00000000100001000010 0.9786830885836096 0.006868782567503553 0.004973945997157745 0.009474182851729039 4222
00000000100000000110 0.9626423690205012 0.03690205011389522 0.00022779043280182233 0.00022779043280182233 4390
00010000001011010110 0.9954108391608392 0.00043706293706293706 0.0008741258741258741 0.003277972027972028 4576
00000000100000010010 0.9636445242369839 0.03500897666068223 0.0013464991023339318 0.0 4456
00100000000000000100 0.9799956034293251 0.019125082435700155 0.0008793141349747197 0.0 4549
00000010001011000000 0.9597021462987297 0.0004380201489268506 0.039859833552343404 0.0 4566
00000001000010000100 0.9921028880866426 0.002707581227436823 0.0004512635379061372 0.00473826714801444 4432
00000000100001000000 0.9242424242424242 0.002932551319648094 0.07209188660801565 0.0007331378299120235 4092
00000011000011000000 0.9972887483054677 0.00022593764121102577 0.0024853140533212833 0.0 4426
00000101000000010100 0.9707875671885955 0.027810236036457117 0.0011684973124561813 0.00023369946249123628 4279
01000000000010000010 0.9742606790799562 0.00547645125958379 0.019715224534501644 0.000547645125958379 3652
00000111001011000000 0.9966714217784118 0.00047551117451260106 0.0028530670470756064 0.0 4206
00100000000000001000 0.5418561112596951 0.0 0.4573415351698315 0.0008023535704733886 3739
01100000000000000110 0.9955778894472361 0.0036180904522613066 0.0004020100502512563 0.0004020100502512563 4975
00010000000011000110 0.994781474233529 0.0006523157208088715 0.0006523157208088715 0.003913894324853229 4599
11100000000000010110 0.9985431841831426 0.0014568158168574402 0.0 0.0 4805
00010000000000001000 0.5402675402675403 0.000819000819000819 0.45836745836745835 0.000546000546000546 3663
00000000101001010010 0.9945 0.00025 0.00075 0.0045 4000
00000000101011010110 0.9951319497822189 0.00025621316935690495 0.0015372790161414297 0.0030745580322828594 3903
00000000100011000110 0.9930400198856575 0.0004971414367387521 0.0012428535918468805 0.005219985085756898 4023
00000101001010010100 0.9931100023758612 0.0007127583749109052 0.000950344499881207 0.005226894749346638 4209
00000010000001010000 0.9747533372025536 0.015089959373186303 0.008705745792222866 0.0014509576320371445 3446
00000100001001010010 0.9967622571692877 0.00023126734505087883 0.0013876040703052729 0.0016188714153561516 4324
00000000100000010110 0.9613053613053613 0.036596736596736595 0.0013986013986013986 0.0006993006993006993 4290
00100000000000000010 0.7325794621026895 0.2628361858190709 0.0027506112469437654 0.0018337408312958435 3272
00000100001000010000 0.9900609893833295 0.001581206234470296 0.0009035464196973119 0.007454257962502824 4427
00000100001000000000 0.981029810298103 0.0 0.018970189701897018 0.0 4059
10000000000000000001 0.5504745470232959 0.0023008340523439745 0.4466494104112741 0.0005752085130859936 3477
00100000001000000000 0.9872525997987253 0.0 0.01274740020127474 0.0 2981
00000000010010000010 0.9048751486325802 0.07966706302021404 0.010404280618311534 0.005053507728894174 3364
00100000000001000000 0.8893515764425937 0.000594883997620464 0.11005353955978585 0.0 3362
10000000000010000000 0.9882429784454605 0.00032658393207054214 0.011430437622468974 0.0 3062
10000000000000001000 0.5315845824411135 0.0002676659528907923 0.4681477516059957 0.0 3736
01100000000010000110 0.9758897818599311 0.001148105625717566 0.021814006888633754 0.001148105625717566 2613
00000001000010000000 0.9816980172852059 0.0 0.018047788510421964 0.0002541942043721403 3934
01000000001000000010 0.9761777301927195 0.003747323340471092 0.01846895074946467 0.0016059957173447537 3736
10000000000001000000 0.8925262507720816 0.00030883261272390367 0.10716491661519456 0.0 3238
00000010000001000100 0.9743336623889437 0.017769002961500493 0.005923000987166831 0.0019743336623889436 3039
00000000110010000010 0.9584717607973422 0.036544850498338874 0.0033222591362126247 0.0016611295681063123 2408
11000000001000010010 0.97736703130894 0.0003772161448509996 0.02150132025650698 0.0007544322897019992 2651
01000000001000010010 0.9774096385542169 0.0018825301204819277 0.018448795180722892 0.002259036144578313 2656
10000000000000010010 0.9739750445632799 0.024955436720142603 0.0010695187165775401 0.0 2805
10100000000000010100 0.9800650935720098 0.01871440195280716 0.0012205044751830757 0.0 2458
10000000000000000010 0.724443088190418 0.2688434543790052 0.0042722001830942935 0.0024412572474824534 3277
00000101001011000000 0.9775435380384968 0.00045829514207149406 0.021998166819431713 0.0 2182
11000000001000000010 0.9971919971919971 0.000702000702000702 0.001404001404001404 0.000702000702000702 2849
00010000000000000001 0.5552568697729988 0.002688172043010753 0.44175627240143367 0.0002986857825567503 3348
00010000000001000010 0.9690957649752003 0.0049599389545974815 0.01030141167493323 0.01564288439526898 2621
00100000000000000001 0.5479411764705883 0.001176470588235294 0.45029411764705884 0.000588235294117647 3400
11100000001011010110 0.9801297648012977 0.00040551500405515005 0.019059205190592052 0.00040551500405515005 2466
00010000000000010110 0.9596296296296296 0.03925925925925926 0.0011111111111111111 0.0 2700
00010000000010000000 0.9544534412955465 0.0010121457489878543 0.044534412955465584 0.0 2964
00000010001001010000 0.9770303527481542 0.015586546349466776 0.002871205906480722 0.004511894995898278 2438
00100000000011000000 0.9716039907904835 0.0007674597083653108 0.026477359938603222 0.0011511895625479663 2606
01000000001011000000 0.9595514617541049 0.0016019223067681217 0.03884661593912695 0.0 2497
00100000000010000100 0.9947819604919865 0.0014908684308609765 0.0003727171077152441 0.003354453969437197 2683
00000100000001000000 0.7577299412915851 0.0011741682974559687 0.2410958904109589 0.0 2555
00011000001011000100 0.99186295503212 0.001284796573875803 0.005139186295503212 0.0017130620985010706 2335
00000000010010010110 0.9831854273703877 0.009808500700607193 0.003269500233535731 0.0037365716954694066 2141
01000000001011010110 0.9768009768009768 0.000407000407000407 0.020757020757020756 0.002035002035002035 2457
00001000000011000110 0.9755686604886268 0.0012636899747262005 0.02232518955349621 0.0008424599831508003 2374
11000000001001000000 0.9967266775777414 0.0008183306055646482 0.0012274959083469722 0.0012274959083469722 2444
01000000001001010010 0.9692726565538701 0.0007779074290159471 0.024504084014002333 0.0054453520031116295 2571
00011000000001000110 0.9690390028146361 0.0048250904704463205 0.024527543224768796 0.0016083634901487736 2487
01000000000010000110 0.9736649597659107 0.0036576444769568397 0.019751280175566936 0.002926115581565472 2734
00010000000000010000 0.9617529880478087 0.03346613545816733 0.00398406374501992 0.0007968127490039841 2510
01000000000011000110 0.9753336029114436 0.0004043671653861706 0.022240194096239386 0.0020218358269308533 2473
10000000001001000000 0.9708812260536398 0.0003831417624521073 0.028735632183908046 0.0 2610
00000100000000000010 0.754325259515571 0.2402372713791399 0.002965892239248641 0.002471576866040534 2023
00001000000001000100 0.9488587113550997 0.008379081190407396 0.04016180294712511 0.002600404507367813 3461
00011000000001000100 0.9829286798179059 0.0037936267071320183 0.012139605462822459 0.0011380880121396055 2636
10100000001011000000 0.9723711340206186 0.0 0.027628865979381443 0.0 2425
00000010000001010100 0.9560439560439561 0.03540903540903541 0.005291005291005291 0.003256003256003256 2457
00000010001011010100 0.9773913043478261 0.015217391304347827 0.002173913043478261 0.0052173913043478265 2300
00000110001001010010 0.9806540764624597 0.01704283740211884 0.0009212344541685859 0.0013818516812528789 2171
00010000000000000110 0.9558394160583942 0.03941605839416058 0.0040145985401459855 0.00072992700729927 2740
00000010000000000110 0.9551090209491235 0.027789653698161606 0.012398460880718255 0.00470286447199658 2339
10100000001010010100 0.9979347377116894 0.0008261049153242462 0.0 0.0012391573729863693 2421
00000000110000000110 0.9862204724409449 0.0063976377952755905 0.005905511811023622 0.0014763779527559055 2032
00000000100000000001 0.5621011291114384 0.0019636720667648502 0.43446244477172313 0.0014727540500736377 2037
01000000001010010110 0.9697572622363708 0.0007958615200955034 0.025069637883008356 0.004377238360525269 2513
00011000001011010010 0.9837259100642398 0.0 0.015845824411134905 0.00042826552462526765 2335
00000110000001010000 0.988714228133817 0.005239822652156389 0.0036275695284159614 0.0024183796856106408 2481
00000100000000001000 0.5443485086342229 0.0007849293563579278 0.45486656200941916 0.0 2548
01100000000011000110 0.9781052631578947 0.0004210526315789474 0.021473684210526315 0.0 2375
00000011000001000100 0.9913419913419913 0.006493506493506494 0.0008658008658008658 0.0012987012987012987 2310
00000000100011000000 0.9513761467889909 0.00045871559633027525 0.0481651376146789 0.0 2180
11100000001011000000 0.9966044142614601 0.0 0.0021222410865874364 0.0012733446519524619 2356
00010000000000000100 0.8759155536406721 0.12149935372684188 0.0017233950883239983 0.0008616975441619991 2321
00000000110011000010 0.969967151572032 0.024401689347724072 0.00328484279680901 0.002346316283435007 2131
01000000000011000000 0.9717536288740682 0.0011769321302471558 0.026677128285602196 0.00039231071008238524 2549
00010000001000000000 0.952771400459167 0.00032797638570022957 0.04690062315513283 0.0 3049
01000000001010000010 0.9570297776102525 0.0007538635506973238 0.04183942706370147 0.0003769317753486619 2653
00100000000000000110 0.9757316202712348 0.021770164168451105 0.0014275517487508922 0.0010706638115631692 2802
00000011000011000110 0.9809782608695652 0.017663043478260868 0.0004528985507246377 0.0009057971014492754 2208
00000001000011000000 0.9803043867502238 0.0 0.019695613249776187 0.0 2234
11000000001001010010 0.9742370194213238 0.00039635354736424893 0.02536662703131193 0.0 2523
00010000000000010010 0.9616101379053299 0.036526276556093924 0.0011181513231457323 0.0007454342154304882 2683
01100000000010000010 0.9929078014184397 0.0022396416573348264 0.003732736095558044 0.0011198208286674132 2679
00000001000000001000 0.5472344591287323 0.0019579050416054823 0.45080763582966227 0.0 2043
00001000001001000000 0.9920704845814978 0.0004405286343612335 0.003964757709251102 0.003524229074889868 2270
00000010000000000010 0.7027183342972817 0.23366107576633893 0.06015037593984962 0.003470213996529786 1729
00000111000001010100 0.9932334461092315 0.0033832769453842437 0.0014499758337361043 0.0019333011116481392 2069
00000111001011010110 0.9784688995215312 0.01818181818181818 0.0014354066985645933 0.0019138755980861245 2090
10100000001010000000 0.9825910931174089 0.0 0.017408906882591092 0.0 2470
00000000010000010010 0.9869753979739508 0.008683068017366137 0.00241196333815726 0.001929570670525808 2073
00000100001001000000 0.9703796412181894 0.0012515644555694619 0.028368794326241134 0.0 2397
10000000001001010010 0.9974758098443416 0.0 0.0012620950778291964 0.0012620950778291964 2377
00000000110011000110 0.9809342230695901 0.012869399428026692 0.004766444232602479 0.0014299332697807435 2098
00000010000000000001 0.5524126455906821 0.0027731558513588465 0.44315030504714364 0.0016638935108153079 1803
00001000001001010010 0.97089835512442 0.0008435259384226065 0.027836355967946015 0.00042176296921130323 2371
00000010000010000000 0.9330171902786011 0.0 0.06698280972139893 0.0 1687
00000010000011000100 0.9799914857386122 0.01532567049808429 0.0021285653469561515 0.002554278416347382 2349
00000000010011000010 0.9660344067048964 0.024702249669166298 0.003970004411116012 0.00529333921482135 2267
00000100000000000001 0.5714285714285714 0.0009070294784580499 0.4272108843537415 0.00045351473922902497 2205
00000000100000001000 0.5472122302158273 0.0049460431654676255 0.44739208633093525 0.0004496402877697842 2224
01000000001001000000 0.9747899159663865 0.00040016006402561027 0.024409763905562223 0.00040016006402561027 2499
10000000001000010000 0.9955588452997779 0.0007401924500370096 0.0011102886750555144 0.0025906735751295338 2702
00000000101011000000 0.9573590096286108 0.0 0.04218248509857864 0.0004585052728106373 2181
00001000000001000110 0.9558587479935795 0.0056179775280898875 0.036115569823434994 0.002407704654895666 2492
00000011000000000110 0.9941256213285133 0.0022593764121102574 0.0022593764121102574 0.0013556258472661546 2213
01000000000000000001 0.48517940717628705 0.1029641185647426 0.33073322932917315 0.0811232449297972 1923
00000010000000001000 0.515658747300216 0.0005399568034557236 0.48326133909287255 0.0005399568034557236 1852
00001000001011000100 0.9929046563192905 0.0 0.004434589800443459 0.0026607538802660754 2255
00011000000011000110 0.9808510638297873 0.0 0.01872340425531915 0.000425531914893617 2350
00000111001011010100 0.9794734493529674 0.018295403837572513 0.0004462293618920125 0.00178491744756805 2241
00011000001001010010 0.979381443298969 0.0 0.018470790378006873 0.002147766323024055 2328
00000110001001010000 0.9777583951155692 0.01831661578717837 0.002180549498473615 0.0017444395987788923 2293
11100000001010000010 0.9942124844977264 0.00041339396444811904 0.0033071517155849523 0.002066969822240595 2419
10000000000000000100 0.9713615023474178 0.023004694835680753 0.003755868544600939 0.0018779342723004694 2130
01100000000011000000 0.9904086738949124 0.0008340283569641367 0.004170141784820684 0.0045871559633027525 2398
00000000110010010110 0.9844632768361582 0.00800376647834275 0.003766478342749529 0.003766478342749529 2124
00011000001001000000 0.9909638554216867 0.0004302925989672978 0.0068846815834767644 0.0017211703958691911 2324
00100000000011000110 0.9963039014373717 0.0008213552361396304 0.0008213552361396304 0.002053388090349076 2435
00100000000000010000 0.9765965886552955 0.01745339151130504 0.005553351844506148 0.0003966679888932963 2521
00000010000000010010 0.9607420189818809 0.022433132010353754 0.014236410698878344 0.0025884383088869713 2318
00000000111001010110 0.9851705388037568 0.013346515076618883 0.0009886307464162135 0.0004943153732081067 2023
00000010001001010010 0.9772727272727273 0.013814616755793227 0.0031194295900178253 0.005793226381461676 2244
00000000010011000110 0.9621945597049332 0.01429230059935454 0.02120792992162287 0.002305209774089442 2169
00000011000011000100 0.9772532188841202 0.017167381974248927 0.0034334763948497852 0.002145922746781116 2330
11100000001010010110 0.9805544062887878 0.0 0.01779064956557716 0.0016549441456350847 2417
00000101001010000000 0.9791666666666666 0.0004528985507246377 0.020380434782608696 0.0 2208
00000010000011000110 0.9847122302158273 0.013039568345323741 0.0013489208633093526 0.0008992805755395684 2224
00011000000011000000 0.9951775537045155 0.00043840420868040335 0.0021920210434020165 0.0021920210434020165 2281
00000000100010000000 0.8507167572911517 0.0004943153732081067 0.14829461196243204 0.0004943153732081067 2023
00001000001011010010 0.9764453961456103 0.00042826552462526765 0.021413276231263382 0.0017130620985010706 2335
00000110000000010010 0.9924776680771039 0.0037611659614480487 0.0018805829807240243 0.0018805829807240243 2127
00000000101001000000 0.951856946354883 0.0 0.048143053645116916 0.0 2181
00000001000001000000 0.7949897750511248 0.0 0.20501022494887525 0.0 1956
00000001001000000000 0.9784126984126984 0.0 0.02158730158730159 0.0 1575
00000010000000010110 0.943613840239214 0.03887227680478428 0.014523707817172148 0.00299017513882956 2341
00000111000000010110 0.9938095238095238 0.0014285714285714286 0.002857142857142857 0.0019047619047619048 2100
00000010000001000001 0.5502526670409882 0.0011229646266142617 0.4480628860190904 0.0005614823133071309 1781
00000010000001001000 0.5577709611451943 0.0005112474437627812 0.44120654396728015 0.0005112474437627812 1956
00000010001000000000 0.9239321240491516 0.0 0.07606787595084845 0.0 1709
10100000000000010110 0.9783319705641864 0.020850367947669663 0.0008176614881439084 0.0 2446
00010000000100000010 0.031630170316301706 0.9667477696674777 0.0 0.0016220600162206002 1233
00000100000010000000 0.9849699398797596 0.0 0.01503006012024048 0.0 1996
00000000011001010110 0.9784207945071113 0.01765571358509073 0.0024521824423737125 0.0014713094654242277 2039
00000000101000000000 0.9588571428571429 0.0034285714285714284 0.037714285714285714 0.0 1750
00000010001011010110 0.9810126582278481 0.014918625678119348 0.0009041591320072332 0.0031645569620253164 2212
10000000000100000010 0.014084507042253521 0.985133020344288 0.0 0.000782472613458529 1278
00000010000001000010 0.7189189189189189 0.21621621621621623 0.057057057057057055 0.007807807807807808 1665
00000000110000010010 0.9898580121703854 0.006592292089249493 0.0015212981744421906 0.002028397565922921 1972
01000000000001000000 0.7825503355704698 0.03355704697986577 0.18120805369127516 0.0026845637583892616 1490
00000000010000000110 0.9782398452611218 0.010154738878143133 0.009671179883945842 0.0019342359767891683 2068
01000000000000001010 0.5640138408304498 0.008073817762399077 0.4215686274509804 0.006343713956170703 1734
00000001000000000001 0.5522143247676325 0.002186987424822307 0.4455986878075451 0.0 1829
00000000010000000010 0.7313848295059151 0.2150313152400835 0.04662491301322199 0.006958942240779402 1437
01000000000001000010 0.8554484803558191 0.042994810971089696 0.09859154929577464 0.0029651593773165306 1349
00000000011001010010 0.9869628198937711 0.010622887493964268 0.0014485755673587638 0.0009657170449058426 2071
00000000111001010010 0.9852642276422764 0.013211382113821139 0.0010162601626016261 0.0005081300813008131 1968
01000000000000001000 0.5867507886435331 0.011987381703470032 0.3936908517350158 0.007570977917981073 1585
00000000010001000000 0.8097421203438395 0.001146131805157593 0.18911174785100288 0.0 1745
01000000000000000011 0.4675603217158177 0.11528150134048257 0.33994638069705096 0.0772117962466488 1865
00001000000011000000 0.992430613961312 0.0 0.0054667788057190915 0.0021026072329688814 2378
00000000100000010000 0.924 0.06533333333333333 0.006666666666666667 0.004 1500
00000000100000000100 0.9021497405485545 0.09340252038547071 0.0014825796886582653 0.0029651593773165306 1349
10000000000000100100 0.012025901942645698 0.9870490286771508 0.0 0.0009250693802035153 1081
00000000010010000001 0.5522292993630573 0.001910828025477707 0.445859872611465 0.0 1570
10100000001011010110 0.9979432332373509 0.00041135335252982314 0.00041135335252982314 0.0012340600575894694 2431
00000000010000000001 0.5526496902959395 0.0006882312456985547 0.4459738472126635 0.0006882312456985547 1453
01000000001000000000 0.9077598828696926 0.048316251830161056 0.04319180087847731 0.0007320644216691069 1366
01000000000000010000 0.8975535168195719 0.09709480122324159 0.00382262996941896 0.0015290519877675841 1308
00100000000000000011 0.46178600160901045 0.2333065164923572 0.24698310539018503 0.057924376508447305 1243
00000000010010001000 0.5266666666666666 0.0030303030303030303 0.4703030303030303 0.0 1650
00001000000000001000 0.4993421052631579 0.06710526315789474 0.39013157894736844 0.04342105263157895 1520
10000000000000011000 0.5667330677290837 0.01195219123505976 0.4163346613545817 0.0049800796812749 1004
00000000010000001000 0.5508771929824562 0.0005847953216374269 0.44853801169590646 0.0 1710
00000000011000000000 0.9211032713277743 0.0006414368184733803 0.0782552918537524 0.0 1559
00001000000000000101 0.5644654088050315 0.01729559748427673 0.41273584905660377 0.00550314465408805 1272
00001000000001000000 0.796281951975213 0.041828040278853604 0.1603408210689388 0.001549186676994578 1291
00001000000000010100 0.9532273152478953 0.03554724041159962 0.007483629560336763 0.0037418147801683817 1069
00000001000000000010 0.7542108546475359 0.24391765439800375 0.0006238303181534623 0.0012476606363069245 1603
00010000000000100000 0.9820305480682839 0.011680143755615454 0.006289308176100629 0.0 1113
01000000000010000000 0.9133333333333333 0.04 0.0437037037037037 0.002962962962962963 1350
10000000000000000011 0.4603559870550162 0.21925566343042072 0.2783171521035599 0.042071197411003236 1236
00001000000000010000 0.8903863432165319 0.10062893081761007 0.0071877807726864335 0.0017969451931716084 1113
00000000011010000000 0.9714285714285714 0.0006802721088435374 0.027891156462585033 0.0 1470
00000000100000000011 0.43825665859564167 0.19975786924939468 0.30871670702179177 0.053268765133171914 826
00100000000100000010 0.014947683109118086 0.9828101644245142 0.0 0.002242152466367713 1338
00001000001000000000 0.9427272727272727 0.011818181818181818 0.045454545454545456 0.0 1100
00000001000000010000 0.9553571428571429 0.03571428571428571 0.006696428571428571 0.002232142857142857 1344
00100000000100000000 0.979982593559617 0.019147084421235857 0.0008703220191470844 0.0 1149
00001000000010000000 0.8867223769730733 0.04735376044568245 0.06592386258124419 0.0 1077
00001000000000000010 0.7388973966309341 0.25267993874425726 0.005359877488514548 0.0030627871362940277 1306
01000000000100000010 0.9828734538534729 0.015223596574690771 0.0019029495718363464 0.0 1051
00000000010000010000 0.9227974568574023 0.05449591280653951 0.019981834695731154 0.0027247956403269754 1101
00001000000000100100 0.9797211660329531 0.015209125475285171 0.005069708491761723 0.0 789
00010000000000100100 0.016129032258064516 0.9829222011385199 0.0 0.0009487666034155598 1054
00001000000000001100 0.4739010989010989 0.08104395604395605 0.3873626373626374 0.057692307692307696 1456
00100000000000011000 0.532741398446171 0.017758046614872364 0.43951165371809103 0.009988901220865706 901
00000100000000000100 0.9605734767025089 0.03727598566308244 0.0014336917562724014 0.0007168458781362007 1395
00000100000100000010 0.00935672514619883 0.9883040935672515 0.0 0.0023391812865497076 855
00010000000000000011 0.46890343698854337 0.18330605564648117 0.30360065466448444 0.044189852700491 1222
00010000000000011000 0.5444214876033058 0.01652892561983471 0.43491735537190085 0.004132231404958678 968
00000010000000010000 0.9253731343283582 0.034328358208955224 0.04029850746268657 0.0 1340
00000000010010010000 0.9505135387488328 0.02054154995331466 0.02334267040149393 0.0056022408963585435 1071
10100000000000001000 0.5377969762419006 0.0 0.46220302375809935 0.0 463
01000000000000000100 0.8762603116406966 0.11640696608615948 0.00458295142071494 0.002749770852428964 1091
00001000000010000100 0.9224572004028198 0.054380664652567974 0.022155085599194362 0.0010070493454179255 993
00000000010000000100 0.8371212121212122 0.07291666666666667 0.08712121212121213 0.002840909090909091 1056
00000010000001100100 0.0398936170212766 0.7207446808510638 0.0026595744680851063 0.23670212765957446 752
00100000000000100100 0.032618825722273995 0.9655172413793104 0.0 0.001863932898415657 1073
10000000000000100000 0.9867139061116031 0.012400354295837024 0.0008857395925597874 0.0 1129
00000000010010000100 0.8896761133603239 0.03340080971659919 0.07388663967611336 0.003036437246963563 988
10000000000100000000 0.9841137123745819 0.014214046822742474 0.0008361204013377926 0.0008361204013377926 1196
00000000010010100100 0.016129032258064516 0.9657258064516129 0.0020161290322580645 0.016129032258064516 496
00000010000000000100 0.8827054794520548 0.053082191780821915 0.05821917808219178 0.0059931506849315065 1168
10000000000000010100 0.9087248322147651 0.08456375838926175 0.006711409395973154 0.0 745
00100000000000100000 0.9656771799628943 0.032467532467532464 0.0018552875695732839 0.0 1078
00010000000100000000 0.9636062861869313 0.034739454094292806 0.0008271298593879239 0.0008271298593879239 1209
00000010000101000000 0.9581529581529582 0.021645021645021644 0.01875901875901876 0.001443001443001443 693
00000100001010000000 0.8188405797101449 0.0 0.18115942028985507 0.0 414
00001000001000000100 0.964824120603015 0.01407035175879397 0.019095477386934675 0.0020100502512562816 995
00100000000000010100 0.9146981627296588 0.07611548556430446 0.006561679790026247 0.0026246719160104987 762
10100000000000000010 0.4781021897810219 0.5145985401459854 0.005474452554744526 0.0018248175182481751 548
01000000000100000000 0.9841565703634669 0.014911463187325256 0.0 0.0009319664492078285 1073
00011000000001000000 0.6576923076923077 0.08269230769230769 0.25576923076923075 0.0038461538461538464 520
00000100000000100000 0.9914893617021276 0.00851063829787234 0.0 0.0 705
00000000010100000010 0.013196480938416423 0.8152492668621701 0.002932551319648094 0.16862170087976538 682
00000010000100000010 0.019548872180451128 0.9518796992481203 0.004511278195488722 0.02406015037593985 665
00001000000000000001 0.5313059033989267 0.004472271914132379 0.4552772808586762 0.008944543828264758 1118
00000100000000011000 0.5434173669467787 0.0070028011204481795 0.4425770308123249 0.0070028011204481795 714
00001000000100000110 0.19887429643527205 0.7917448405253283 0.009380863039399626 0.0 533
00100000000000011100 0.5235404896421846 0.04896421845574388 0.4143126177024482 0.013182674199623353 531
00000000010010000011 0.5016891891891891 0.17060810810810811 0.27871621621621623 0.048986486486486486 592
00000001000100000010 0.011869436201780416 0.9851632047477745 0.0 0.002967359050445104 674
00000010000001000011 0.4527972027972028 0.2097902097902098 0.29545454545454547 0.04195804195804196 572
00000010000101000010 0.012857142857142857 0.9742857142857143 0.0014285714285714286 0.011428571428571429 700
00000001000000000011 0.45440729483282677 0.1884498480243161 0.30851063829787234 0.0486322188449848 658
00100000001010000000 0.8849557522123894 0.0017699115044247787 0.11327433628318584 0.0 565
00000001000000100100 0.0496 0.9504 0.0 0.0 625
00000010000000100000 0.7889447236180904 0.005025125628140704 0.19472361809045227 0.011306532663316583 796
00000001000100000000 0.9763513513513513 0.02364864864864865 0.0 0.0 592
00000100000000100100 0.009735744089012517 0.9888734353268428 0.0 0.0013908205841446453 719
00000000010110000010 0.04608294930875576 0.8202764976958525 0.0030721966205837174 0.130568356374808 651
00000100000000010100 0.822262118491921 0.1651705565529623 0.005385996409335727 0.00718132854578097 557
01100000000000000100 0.802784222737819 0.1902552204176334 0.004640371229698376 0.002320185614849188 431
00000000010000000011 0.4883227176220807 0.1910828025477707 0.2802547770700637 0.040339702760084924 471
01000000000000100110 0.23275862068965517 0.7655172413793103 0.0 0.0017241379310344827 580
00000100000000000011 0.46282051282051284 0.21666666666666667 0.2717948717948718 0.04871794871794872 780
00000001000000010110 0.6454293628808865 0.3407202216066482 0.008310249307479225 0.00554016620498615 361
00000010000000000011 0.45068027210884354 0.1836734693877551 0.3112244897959184 0.05442176870748299 588
00000010000100000000 0.9658605974395448 0.01422475106685633 0.01849217638691323 0.001422475106685633 703
10000000001001010000 0.47715736040609136 0.2233502538071066 0.27918781725888325 0.02030456852791878 197
00100000000001100100 0.027707808564231738 0.8236775818639799 0.017632241813602016 0.1309823677581864 397
10000000000001100100 0.01405152224824356 0.8618266978922716 0.00234192037470726 0.12177985948477751 427
01100000000000010010 0.889937106918239 0.10377358490566038 0.006289308176100629 0.0 318
01000000000000011010 0.5372168284789643 0.038834951456310676 0.39967637540453077 0.024271844660194174 618
00011000000000010100 0.8876404494382022 0.09269662921348315 0.0056179775280898875 0.014044943820224719 356
00000000100100000010 0.06490066225165562 0.928476821192053 0.0026490066225165563 0.003973509933774834 755
00000010000001011000 0.5213358070500927 0.029684601113172542 0.43042671614100186 0.01855287569573284 539
00100000000000010010 0.9045346062052506 0.08353221957040573 0.00477326968973747 0.007159904534606206 419
00001000000000100000 0.9869791666666666 0.010416666666666666 0.0013020833333333333 0.0013020833333333333 768
00000110000001001000 0.5170212765957447 0.002127659574468085 0.4808510638297872 0.0 470
00000001000000100000 0.9121951219512195 0.08455284552845528 0.0032520325203252032 0.0 615
00001000000000000111 0.4533333333333333 0.17523809523809525 0.33714285714285713 0.03428571428571429 525
01000000000000011110 0.48498845265588914 0.04849884526558892 0.4110854503464203 0.05542725173210162 433
10000000000000011100 0.5787401574803149 0.025590551181102362 0.3779527559055118 0.017716535433070866 508
01100000001000000000 0.968 0.005333333333333333 0.021333333333333333 0.005333333333333333 375
10000000001010000000 0.8833619210977701 0.0017152658662092624 0.11492281303602059 0.0 583
00000000100000001010 0.20728291316526612 0.5210084033613446 0.17647058823529413 0.09523809523809523 357
00000000100000010100 0.7616387337057728 0.22532588454376165 0.0037243947858473 0.00931098696461825 537
00000010001010000000 0.7224770642201835 0.0 0.2775229357798165 0.0 436
00000000010110000000 0.7260869565217392 0.04492753623188406 0.2246376811594203 0.004347826086956522 690
00010000000000011010 0.5868544600938967 0.1267605633802817 0.22065727699530516 0.06572769953051644 213
00011000000000000010 0.5681818181818182 0.4185606060606061 0.007575757575757576 0.005681818181818182 528
00010000000000001100 0.5814393939393939 0.02462121212121212 0.3768939393939394 0.017045454545454544 528
00000000100000100100 0.015503875968992248 0.9813953488372092 0.0015503875968992248 0.0015503875968992248 645
00001000000100000000 0.9466357308584686 0.04408352668213457 0.009280742459396751 0.0 431
00000110000001000100 0.9119718309859155 0.06338028169014084 0.017605633802816902 0.007042253521126761 284
00010000000001100000 0.7182448036951501 0.011547344110854504 0.2678983833718245 0.0023094688221709007 433
00000110000000000001 0.5564304461942258 0.0026246719160104987 0.4409448818897638 0.0 381
00011000001000000100 0.9400630914826499 0.012618296529968454 0.04100946372239748 0.006309148264984227 317
00000000010000011000 0.5721784776902887 0.02099737532808399 0.3937007874015748 0.013123359580052493 381
01000000000000010100 0.7576335877862596 0.23091603053435114 0.0057251908396946565 0.0057251908396946565 524
00000001000000001100 0.6018099547511312 0.020361990950226245 0.3552036199095023 0.02262443438914027 442
00000010000000010100 0.775330396475771 0.11674008810572688 0.10352422907488987 0.004405286343612335 454
00100000000000001010 0.07049608355091384 0.8302872062663186 0.06788511749347259 0.031331592689295036 383
00000100001000010010 0.55125284738041 0.1548974943052392 0.2824601366742597 0.011389521640091117 439
11000000000000000011 0.4857142857142857 0.0761904761904762 0.4057142857142857 0.03238095238095238 525
01000000000100000110 0.9590163934426229 0.040983606557377046 0.0 0.0 122
00000101001000010100 0.48058252427184467 0.038834951456310676 0.45145631067961167 0.02912621359223301 206
00000010000001001100 0.5663716814159292 0.038348082595870206 0.36578171091445427 0.029498525073746312 339
01100000000001000000 0.7887029288702929 0.016736401673640166 0.19456066945606695 0.0 478
00010000000001100100 0.006224066390041493 0.8526970954356846 0.006224066390041493 0.13485477178423236 482
11100000000000010010 0.7753424657534247 0.2191780821917808 0.0027397260273972603 0.0027397260273972603 365
00000000010010011000 0.5691906005221932 0.018276762402088774 0.4073107049608355 0.005221932114882507 383
00000000010100000000 0.7747747747747747 0.0075075075075075074 0.2087087087087087 0.009009009009009009 666
00010000000000010100 0.851123595505618 0.12640449438202248 0.012640449438202247 0.009831460674157303 712
00001000000001100000 0.7673716012084593 0.006042296072507553 0.2175226586102719 0.00906344410876133 331
00001000000100000010 0.15176715176715178 0.83991683991684 0.006237006237006237 0.002079002079002079 481
00010000001001010000 0.5263157894736842 0.3875598086124402 0.05263157894736842 0.03349282296650718 209
00000110000001000001 0.5805626598465473 0.0 0.4194373401534527 0.0 391
00100000000000010110 0.8452655889145496 0.15011547344110854 0.0 0.004618937644341801 433
00000000100000011000 0.5538461538461539 0.01730769230769231 0.4230769230769231 0.0057692307692307696 520
00000101000000010010 0.5384615384615384 0.46153846153846156 0.0 0.0 208
00000110000000000010 0.6658536585365854 0.2707317073170732 0.05365853658536585 0.00975609756097561 410
00000100000000001010 0.09666666666666666 0.7933333333333333 0.05 0.06 300
11000000000000001000 0.5629370629370629 0.01048951048951049 0.4125874125874126 0.013986013986013986 286
00000110000000010000 0.7304964539007093 0.14184397163120568 0.1276595744680851 0.0 423
00000000010001000110 0.591304347826087 0.008695652173913044 0.3695652173913043 0.030434782608695653 230
11000000000000000110 0.8962472406181016 0.09713024282560706 0.004415011037527594 0.002207505518763797 453
00000110000000001000 0.48717948717948717 0.0 0.5128205128205128 0.0 390
10100000000010000000 0.8716216216216216 0.0 0.12837837837837837 0.0 444
01100000000000010000 0.9411764705882353 0.05042016806722689 0.008403361344537815 0.0 357
10100000001000000000 0.8805031446540881 0.0 0.11949685534591195 0.0 477
00001000000000000011 0.43614457831325304 0.20481927710843373 0.2987951807228916 0.060240963855421686 415
11000000000000001010 0.5451197053406999 0.003683241252302026 0.45119705340699817 0.0 543
00000010000001010010 0.6746987951807228 0.163855421686747 0.1614457831325301 0.0 415
00000000100001100000 0.7408906882591093 0.020242914979757085 0.2388663967611336 0.0 247
00100000000000001100 0.5912408759124088 0.010948905109489052 0.39416058394160586 0.0036496350364963502 548
