000000000000000000000000 0.9959077341232133 0.0008831240934250725 0.0029162923430548163 0.0002928494403067598 7867524
000000000100000000000100 0.9473423869052973 0.04372395599124621 0.007404742632730761 0.0015289144707257847 66714
000000101000000000101000 0.9459427721454574 0.0487532782714213 0.0037577797784475674 0.0015461698046737387 51094
000000001000000000001100 0.9484848484848485 0.04620729588882455 0.004149778035128354 0.0011580775911986102 51810
000000001000000000001000 0.9454359725541592 0.04924446842957366 0.004028216791303677 0.0012913422249633797 51884
000000100000000000100100 0.9484372003835091 0.04669223394055609 0.0036625119846596358 0.0012080536912751677 52150
000000100000000000100000 0.9479677307291465 0.04655112517852318 0.004265256494383757 0.001215887597946501 51814
000000101000000000101100 0.9466141517343576 0.048511318657749526 0.003841129331019557 0.0010334002768732818 51287
000000100000100000100000 0.9772377203491357 0.0020292902374025087 0.003911884794992788 0.016821104618468988 40901
000000000100000100000100 0.9592746351526883 0.0031581896441942796 0.017319104500420242 0.020248070702697196 39263
000000001000001000001000 0.9773187327756505 0.0018047459941955466 0.00404848425724947 0.01682803697290442 41003
000000101000101000101000 0.976390385723953 0.0020802526379107246 0.0035840497255570313 0.017945311912579264 39899
100000000000000000000000 0.9954652288123876 0.0009401354901147519 0.0032904742154016313 0.0003041614820959491 36165
000100000000000000000000 0.9866799103504482 0.0013753056234718827 0.011257131214343928 0.0006876528117359413 39264
001000000000000000000000 0.9957229580573952 0.0007726269315673289 0.0032008830022075057 0.0003035320088300221 36240
000000000100000000000000 0.9592257345773569 0.03311516501879961 0.00512463445202618 0.0025344659518172956 35905
000100000000000100000100 0.9607200826324332 0.018031577394127196 0.004928434410506124 0.016319905562933452 33885
000100000000000100000000 0.9488058608058608 0.017582417582417582 0.03191208791208791 0.0016996336996336996 34125
000000100000000000000000 0.9891266773514346 0.004996700292259828 0.004619590836240218 0.0012570315200653656 31821
000000001000000000000000 0.9888566489690085 0.005494505494505495 0.004722805284603037 0.0009260402518829485 32396
000000101000101100101100 0.9623755238138152 0.0024782589104672646 0.003514621727571757 0.03163159554814581 22193
000100000000100100100100 0.9691867706075004 0.0030444208681212233 0.004197610590894414 0.023571197933484018 21679
000000100000100100100100 0.9562437562437562 0.0027472527472527475 0.0043456543456543454 0.03666333666333666 20020
000000000100000000100100 0.883800443031879 0.10777232013868825 0.004815563902532987 0.00361167292689974 20766
000100000000100100000000 0.9628515429144446 0.002279046446966589 0.033912211130862846 0.0009571995077259674 21939
000000001000001100001100 0.9639300134589502 0.002063705697622252 0.004306864064602961 0.029699416778824584 22290
000100000000001100000000 0.9561034884309655 0.002379626348033011 0.03974482304693433 0.0017720621740671357 19751
000100000000101100000000 0.9589138254217539 0.002583717513551852 0.0374892345103602 0.0010132225543340594 19739
000000000100000000101100 0.872597711077521 0.11860289354351113 0.005128481969337077 0.0036709134096307495 18524
010000000000000000000100 0.9701805534243773 0.024755766968441513 0.0036315277990895604 0.0014321518080916578 19551
000100000000101100101100 0.9683583316211218 0.002157386480378056 0.004263406615985206 0.025220875282514897 19468
010000000000000000000000 0.9680362994706327 0.027073355180236954 0.003932442651877994 0.0009579026972523318 19835
000000000100100100100100 0.9675408426483233 0.0030631986242476354 0.0030631986242476354 0.02633276010318143 18608
000001000000000000000000 0.993801652892562 0.0023243801652892563 0.003409090909090909 0.00046487603305785124 19360
000100000000001100001100 0.965795797331152 0.002402985837721765 0.0050104811084411265 0.02679073572268521 19559
000000000100000000001100 0.8715918150411905 0.11969173531756577 0.004836566569226681 0.0038798830720170076 18815
000000000001000000000000 0.9944379210184785 0.0015450219393115382 0.0035226500216303074 0.0004944070205796922 16181
000000010000000100000000 0.979807336050389 0.0010497715203161666 0.018710633567988143 0.0004322588613066568 16194
000000000100101100101100 0.967174964786576 0.0025108702308775798 0.0032457590789393104 0.02706840590360708 16329
000010000000000000001000 0.9691112823857236 0.026797889369775302 0.0033200924882907453 0.0007707357562103515 16867
000001000000000000001100 0.9930785784912465 0.0030826499156633514 0.003664281975222474 0.00017448961786773688 17193
000000010000000000000000 0.9810972230773967 0.0014777415183794102 0.016994027461363217 0.0004310079428606613 16241
000000000100001100001100 0.9633479212253829 0.0023097495745198152 0.003586190128859713 0.03075613907123754 16452
000010000000000000000000 0.9706146926536732 0.02542728635682159 0.0032383808095952024 0.000719640179910045 16675
001000000000001100001100 0.9832888210606638 0.0025181228538725675 0.004120564669973292 0.01007249141549027 13105
000000000001001100000000 0.995125348189415 0.0006963788300835655 0.0036211699164345403 0.0005571030640668524 14360
100000000000100100100100 0.9826849910707353 0.0024846649584595077 0.0038822889975929807 0.010948054973212206 12879
101000000000101100101100 0.9843556381660471 0.0024783147459727386 0.004104708798017348 0.009061338289962825 12912
100000000000100100000000 0.9782823297137216 0.002505885033032121 0.018680233882603082 0.0005315513706431772 13169
000000000010001000000000 0.9801615928437455 0.0009378156110229404 0.018684172558072427 0.0002164189871591401 13862
101000000000101100000000 0.9781756704833627 0.0018443095366172289 0.019518942595865674 0.0004610773841543072 13013
001000000000001100000000 0.9796977560677759 0.002137078308655167 0.0174782475957869 0.000686918027782018 13102
100000000000100000000000 0.972371660435853 0.002097200692988055 0.024619312482903256 0.0009118263882556761 10967
000000000010000000000000 0.9773539077011002 0.001143020431490213 0.021360194313473354 0.00014287755393627662 13998
101000000000101000101000 0.9798839458413926 0.002127659574468085 0.004932301740812379 0.013056092843326886 10340
001000000000001000000000 0.9709302325581395 0.0027252906976744187 0.025163517441860465 0.0011809593023255813 11008
001000000000001000001000 0.9799527186761229 0.002742316784869976 0.005011820330969267 0.012293144208037825 10575
100000000000100000100000 0.9794315632011967 0.002617801047120419 0.004394166043380703 0.013556469708302168 10696
101000000000101000000000 0.9721643628100739 0.0020829388373414127 0.025184624124218898 0.0005680742283658398 10562
011000000000000000000000 0.990641930717452 0.005417829584633065 0.002462649811196848 0.0014775898867181087 6091
110000000000000000000100 0.9859560067681895 0.008967851099830795 0.004399323181049069 0.0006768189509306261 5910
000110000000000000001000 0.9662900874635568 0.029154518950437316 0.0036443148688046646 0.0009110787172011661 5488
000000000110001000000000 0.9758753202391118 0.002134927412467976 0.021135781383432962 0.0008539709649871904 4684
000110000000000000000000 0.9696586599241467 0.02709048221058335 0.0025284450063211127 0.0007224128589488893 5537
000000110000000000000000 0.9774569903104607 0.0009887284951552303 0.020961044097290885 0.0005932370970931383 5057
000000000110000000000000 0.9758507135016465 0.0021953896816684962 0.02129527991218441 0.0006586169045005489 4555
000000101000000000000000 0.9562060358520535 0.026321760835035173 0.012253233492171545 0.005218969820739733 4407
000000110000000100000000 0.9773746830505169 0.001365320850399844 0.020674858591769065 0.0005851375073142189 5127
000111000000000000000000 0.9905020352781547 0.006241519674355495 0.0024423337856173677 0.0008141112618724559 3685
000000100000000000000100 0.3387000596302922 0.6323792486583184 0.01073345259391771 0.018187239117471676 3354
000100000000000000000100 0.6592973955178679 0.22804360993337372 0.09812235009085403 0.014536644457904301 3302
000000000101000000000000 0.9951690821256038 0.001932367149758454 0.0022544283413848632 0.0006441223832528181 3105
000000001000001000001100 0.4737442922374429 0.3681506849315068 0.1401255707762557 0.01797945205479452 3504
000000001000000000000100 0.33482142857142855 0.6327380952380952 0.011904761904761904 0.020535714285714286 3360
000000001000000000101100 0.3185696871190573 0.6566436407964242 0.010158472165786265 0.014628199918732222 2461
000000000111000000000000 0.9919055649241146 0.002360876897133221 0.005733558178752108 0.0 2965
000000100000100000100100 0.4446965399886557 0.3959160521837777 0.14293817356778218 0.016449234259784458 3526
000101000000000000000000 0.9918166939443536 0.002727768685215494 0.004091653027823241 0.001363884342607747 3666
101000000000000000000000 0.9925283921099821 0.0008965929468021519 0.005977286312014346 0.0005977286312014345 3346
000000000011000000000000 0.988509415895308 0.004468560485157995 0.006064474944142994 0.000957548675390999 3133
000000000100000000001000 0.38805011243173787 0.5432059106970768 0.01702537744940572 0.051718599421779636 3113
000011000000000000000000 0.9860312243221035 0.009312517118597645 0.0035606683100520404 0.0010955902492467817 3651
000000001000000000100000 0.34419202743249033 0.627089584226318 0.012001714530647235 0.016716673810544362 2333
000000100000000100100000 0.3788647900323027 0.25980618366405167 0.3387171204430088 0.022611905860636824 2167
000000000100000000100000 0.3991282689912827 0.5364259028642591 0.012141967621419676 0.052303860523038606 3212
000000000100000100000000 0.6418900248687482 0.19204200055263884 0.1467256148107212 0.019342359767891684 3619
000000101000101000101100 0.4259993896856881 0.4046383887702167 0.1541043637473299 0.015257857796765334 3277
000000001000001000000000 0.926019124308002 0.02264720684448918 0.034725717161550075 0.01660795168595873 1987
000100000000101100101000 0.44710947109471094 0.3843788437884379 0.13653136531365315 0.03198031980319803 1626
000000100000100100100000 0.43747332479726847 0.2646180110968843 0.27955612462654716 0.01835253947930004 2343
000000001000000000101000 0.3222011385199241 0.6497153700189753 0.012523719165085389 0.01555977229601518 2635
000000100000000000101100 0.3290826820238585 0.6355409296585767 0.014808720691073632 0.020567667626491155 2431
000000000100000100001100 0.17724867724867724 0.49153439153439155 0.29259259259259257 0.038624338624338624 1890
000000000100000000101000 0.35181451612903225 0.5766129032258065 0.016129032258064516 0.055443548387096774 2976
000000100000000000101000 0.33562691131498473 0.6391437308868502 0.008409785932721712 0.016819571865443424 2616
000000101000000100101100 0.4001892147587512 0.25260170293282874 0.3249763481551561 0.022232734153263954 2114
000000100000000000001000 0.32252485948984005 0.6351059230436662 0.011673151750972763 0.030696065715520967 2313
000000101000000000100100 0.20543374642516682 0.7578646329837941 0.0109628217349857 0.025738798856053385 2098
000100000000101100000100 0.3537091988130564 0.44451038575667656 0.17626112759643917 0.025519287833827894 1685
000000101000000000100000 0.2 0.7727272727272727 0.00861244019138756 0.018660287081339714 2090
000000101000000000001000 0.20441458733205375 0.7624760076775432 0.006238003838771593 0.026871401151631478 2084
000000001000000100001100 0.38669623059866964 0.23015521064301553 0.35920177383592017 0.02394678492239468 2255
000000000100001000000100 0.5427509293680297 0.21654275092936803 0.22026022304832713 0.020446096654275093 2152
111000000000000000000000 0.9676140118968936 0.029081295439524125 0.0026437541308658294 0.0006609385327164573 1513
000000100000000000001100 0.25542168674698795 0.7127710843373494 0.013012048192771084 0.018795180722891568 2075
000000000100101000000100 0.48343627175743964 0.2386299831555306 0.25210555867490175 0.02582818641212802 1781
000100000000000100100100 0.32086614173228345 0.4424212598425197 0.20718503937007873 0.02952755905511811 2032
001000000000000000001000 0.9516129032258065 0.03225806451612903 0.012096774193548387 0.004032258064516129 1488
000000101000000100101000 0.3917228103946102 0.2516843118383061 0.34071222329162654 0.01588065447545717 2078
000100000000100100000100 0.3325242718446602 0.4383495145631068 0.20533980582524272 0.02378640776699029 2060
000100000000001100001000 0.4843225083986562 0.3213885778275476 0.15733482642777155 0.036954087346024636 1786
000100000000000100100000 0.5190169689877121 0.3387946167349327 0.10708016383850205 0.03510825043885313 1709
000000001000000000100100 0.25920471281296026 0.7059401080019637 0.012272950417280314 0.022582228767795778 2037
000000000100000100101100 0.2248661511005354 0.4562760261748959 0.2742415229030339 0.044616299821534804 1681
000000000100100100000100 0.3234146341463415 0.3048780487804878 0.344390243902439 0.027317073170731707 2050
000100000000100100100000 0.4755134281200632 0.3512374934175882 0.15271195365982096 0.020537124802527645 1899
100000000000000000100000 0.949290060851927 0.03718728870858688 0.009465855307640297 0.004056795131845842 1479
000000101000101100101000 0.4309995953055443 0.28409550789154187 0.2630513961958721 0.021853500607041682 2471
000000100000100000000000 0.9243533430941923 0.02537823328452904 0.03806734992679356 0.012201073694485115 2049
000000100000001000100000 0.4907819453273999 0.22059758423394787 0.27209154481881753 0.01652892561983471 1573
000000001000101000001000 0.35262449528936746 0.24158815612382234 0.39300134589502017 0.01278600269179004 1486
000100000000100100001100 0.3686200378071834 0.4499054820415879 0.1502835538752363 0.031190926275992438 1058
000100000000000100001000 0.5055329062317997 0.3500291205591147 0.110658124635993 0.0337798485730926 1717
000100000000000100101100 0.37719830200121285 0.40812613705275924 0.17768344451182536 0.03699211643420255 1649
000000000100000100100100 0.20577800304105423 0.45615813482007095 0.29802331474911303 0.04004054738976178 1973
000100000000000100101000 0.44240506329113927 0.4031645569620253 0.11835443037974684 0.036075949367088606 1580
000000001000000100001000 0.38346567024754785 0.2638953759925269 0.3306865950490425 0.021952358710882764 2141
000011000000000000000100 0.9440514469453376 0.04501607717041801 0.0090032154340836 0.0019292604501607716 1555
110000000000000000000000 0.9086908690869087 0.0858085808580858 0.0038503850385038503 0.0016501650165016502 1818
011000000000000000000100 0.923375902276513 0.07162687395891172 0.00277623542476402 0.002220988339811216 1801
010000000000000000100100 0.9505340078695896 0.03822372119168072 0.008993816750983699 0.0022484541877459247 1779
000100000000000000001100 0.843404808317089 0.07342430149447693 0.06757634827810266 0.015594541910331383 1539
000000010000101100000000 0.9594229035166817 0.0018034265103697023 0.0387736699729486 0.0 1109
000000001000100000001000 0.44738583719391134 0.22898742554599602 0.3070814030443415 0.01654533421575116 1511
000000101000001000101000 0.42579505300353354 0.19964664310954064 0.35983510011778563 0.014723203769140165 1698
000000000100100000000100 0.5381395348837209 0.2069767441860465 0.2302325581395349 0.024651162790697675 2150
001000000000000000000100 0.5783752860411899 0.39473684210526316 0.014302059496567507 0.012585812356979404 1748
000000100000000100100100 0.3757791629563669 0.25066785396260016 0.35218165627782727 0.0213713268032057 2246
000010000000000000000100 0.6750651607298002 0.3023457862728063 0.010425716768027803 0.01216333622936577 1151
000000101000000000000100 0.10526315789473684 0.8525159051474841 0.012724117987275883 0.029496818970503182 1729
000100000000101100001000 0.4896810506566604 0.30393996247654786 0.16604127579737335 0.040337711069418386 1066
111000000000000000101100 0.9892891918208374 0.007789678675754625 0.0019474196689386564 0.0009737098344693282 1027
010000000000000000001100 0.9380925822643614 0.04294478527607362 0.013385387618516454 0.005577244841048522 1793
000100000000000000100100 0.8203477141017386 0.0824211204121056 0.08435286542176433 0.0128783000643915 1553
000100000000100100101100 0.33415637860082303 0.43209876543209874 0.20823045267489712 0.02551440329218107 1215
000000000100001100000100 0.3403115871470302 0.29065238558909445 0.3442064264849075 0.024829600778967866 2054
000000101000000000001100 0.1945409429280397 0.7741935483870968 0.008933002481389578 0.022332506203473945 2015
000100000000001100000100 0.323242688558235 0.4417650076962545 0.20985120574653668 0.025141097998973832 1949
000000001000001100001000 0.420703125 0.2984375 0.262109375 0.01875 2560
000000001000100000001100 0.5340474368783473 0.2654934965570008 0.17674062739097168 0.023718439173680182 1307
000100000000101100001100 0.30457290767903367 0.4486626402070751 0.21742881794650562 0.029335634167385678 1159
000000101000101000000000 0.9177040110650069 0.03250345781466114 0.034578146611341634 0.015214384508990318 1446
000100000000000100001100 0.32076502732240436 0.4530054644808743 0.2010928961748634 0.025136612021857924 1830
000000100000101000100000 0.3313570487483531 0.2378129117259552 0.4176548089591568 0.013175230566534914 1518
000100000000000000101000 0.7587800369685767 0.10073937153419593 0.034195933456561925 0.10628465804066543 1082
111000000000000000000100 0.9725856697819315 0.02118380062305296 0.003115264797507788 0.003115264797507788 1605
000000101000100000101100 0.5296191819464033 0.2750352609308886 0.17489421720733428 0.020451339915373765 1418
000000100000101000100100 0.4476693051890941 0.3210202286719437 0.1961301671064204 0.03518029903254178 1137
000001000000000000001000 0.5701513067400276 0.40715268225584594 0.011691884456671253 0.011004126547455296 1454
000100000000000000101100 0.8441011235955056 0.07584269662921349 0.06882022471910113 0.011235955056179775 1424
000000000100101100000100 0.372787610619469 0.29701327433628316 0.3108407079646018 0.019358407079646017 1808
001000000000001000001100 0.4864864864864865 0.28667953667953666 0.21428571428571427 0.012548262548262547 1036
000000010000000100000100 0.5183397683397684 0.29633204633204635 0.16312741312741313 0.0222007722007722 1036
110000000000000000100100 0.9828209764918626 0.0108499095840868 0.0054249547920434 0.0009041591320072332 1106
000100000000001100101100 0.31069609507640067 0.4388794567062818 0.22495755517826826 0.025466893039049237 1178
000000111000000000000000 0.9812792511700468 0.0 0.0187207488299532 0.0 1282
000000100000001000100100 0.5447154471544715 0.2653362897265336 0.164079822616408 0.025868440502586843 1353
000111000000000000000100 0.9422222222222222 0.049523809523809526 0.005714285714285714 0.0025396825396825397 1575
000100000000100000000000 0.5416012558869702 0.004709576138147566 0.4411302982731554 0.012558869701726845 1274
000100000000001100100100 0.36689254598257504 0.4181994191674734 0.16940948693126814 0.04549854791868345 1033
000100000000101100100100 0.3099068585944115 0.4182895850973751 0.23793395427603725 0.03386960203217612 1181
000000000100100100000000 0.8806104129263914 0.04398563734290844 0.05834829443447038 0.017055655296229804 1114
000000000100100000100100 0.3793604651162791 0.3183139534883721 0.27761627906976744 0.024709302325581394 1376
000000000100101000101100 0.32870771899392887 0.3512575888985256 0.28534258456201217 0.03469210754553339 1153
000000000101001100000000 0.9927360774818402 0.003228410008071025 0.003228410008071025 0.0008071025020177562 1239
000101000000000000001100 0.9898167006109979 0.0047522063815342835 0.0033944331296673455 0.002036659877800407 1473
000000000100000100101000 0.0796847635726795 0.5910683012259195 0.049912434325744305 0.27933450087565675 1142
000000100000100100000000 0.9042457091237579 0.02710027100271003 0.051490514905149054 0.017163504968383016 1107
100000000000000100000000 0.5307150050352467 0.007049345417925478 0.4561933534743202 0.006042296072507553 993
000000101000001000101100 0.5228245363766049 0.2746077032810271 0.181169757489301 0.021398002853067047 1402
000010000000000000100100 0.9514563106796117 0.038187702265372166 0.008414239482200648 0.001941747572815534 1545
010000000000000000001000 0.8717632552404438 0.1060419235511714 0.012330456226880395 0.009864364981504316 811
000000000011000100000000 0.9687743950039032 0.00546448087431694 0.02576112412177986 0.0 1281
000000000100101100000000 0.8705673758865248 0.044326241134751775 0.06205673758865248 0.02304964539007092 1128
000000000100001000001100 0.346969696969697 0.35833333333333334 0.26666666666666666 0.02803030303030303 1320
000000001000101000001100 0.47961838681699914 0.2896790980052038 0.20555073720728534 0.02515177797051171 1153
000001000000000000000100 0.4207492795389049 0.5540345821325648 0.009365994236311239 0.01585014409221902 1388
000001000000000000100000 0.5941520467836258 0.3719298245614035 0.019883040935672516 0.014035087719298246 855
000000011000000000000000 0.978030303030303 0.0015151515151515152 0.020454545454545454 0.0 1320
000000000111000100000000 0.968266253869969 0.0046439628482972135 0.02631578947368421 0.0007739938080495357 1292
000100000000000000001000 0.7766272189349113 0.10059171597633136 0.027366863905325445 0.09541420118343195 1352
000000100000100000101000 0.06627101879327399 0.8644906033630069 0.032640949554896145 0.036597428288822946 1011
001000000000000000001100 0.9373390557939915 0.048927038626609444 0.008583690987124463 0.005150214592274678 1165
000000101000101000100000 0.06046511627906977 0.8855813953488372 0.02883720930232558 0.025116279069767444 1075
101000000000101100000100 0.3662258392675483 0.4903357070193286 0.12004069175991862 0.023397761953204477 983
010000000000000000101100 0.943429581614614 0.041838538597525045 0.012374779021803181 0.002357100766057749 1697
000000111000000100000000 0.9846743295019157 0.0015325670498084292 0.013793103448275862 0.0 1305
000000111000101100000000 0.9908675799086758 0.001141552511415525 0.005707762557077625 0.00228310502283105 876
000000010000001100000000 0.9646761984861227 0.001682085786375105 0.031959629941127 0.001682085786375105 1189
100000000000000000001000 0.9176598049837487 0.050920910075839654 0.01950162513542795 0.011917659804983749 923
000000101000100000101000 0.43416370106761565 0.20344009489916964 0.35231316725978645 0.010083036773428233 1686
000000100000101100100100 0.40114285714285713 0.21485714285714286 0.36 0.024 875
100000000000100100000100 0.35316336166194523 0.5325779036827195 0.08781869688385269 0.02644003777148253 1059
100000000000000000000100 0.5746312684365782 0.38997050147492623 0.01592920353982301 0.019469026548672566 1695
000000000100001100001000 0.30910852713178294 0.6172480620155039 0.03197674418604651 0.041666666666666664 1032
000000101000101000001100 0.10596026490066225 0.8112582781456954 0.026490066225165563 0.056291390728476824 604
100000000000000000100100 0.9221757322175732 0.0502092050209205 0.0200836820083682 0.007531380753138075 1195
000000001000000100000000 0.5004730368968779 0.02270577105014191 0.44938505203405865 0.027436140018921477 1057
000000001000101100001000 0.39953271028037385 0.21845794392523366 0.352803738317757 0.029205607476635514 856
000000000100101100001100 0.20983935742971888 0.4538152610441767 0.30823293172690763 0.028112449799196786 996
001000000000000000100000 0.8877665544332211 0.08305274971941638 0.016835016835016835 0.012345679012345678 891
101000000000101000101100 0.5021008403361344 0.27941176470588236 0.20168067226890757 0.01680672268907563 952
000000010000000100001000 0.918013856812933 0.05196304849884527 0.017321016166281754 0.012702078521939953 866
000100000000101100100000 0.4758293838862559 0.3402843601895735 0.14976303317535544 0.034123222748815164 1055
000000101000101000001000 0.046168051708217916 0.8901200369344414 0.036011080332409975 0.027700831024930747 1083
000000000100100100101100 0.20927936821322804 0.46100691016781836 0.29713721618953604 0.03257650542941757 1013
000000001000001000101000 0.05185909980430528 0.8737769080234834 0.033268101761252444 0.0410958904109589 1022
000000000100100100100000 0.32224334600760457 0.5960076045627376 0.03326996197718631 0.04847908745247148 1052
000000010000000000000100 0.48623853211009177 0.30091743119266057 0.1981651376146789 0.014678899082568808 1090
011000000000000000001100 0.9897388059701493 0.0046641791044776115 0.0037313432835820895 0.0018656716417910447 1072
000000100000100000000100 0.12659698025551683 0.8153310104529616 0.025551684088269456 0.032520325203252036 861
000010000000000000001100 0.6934673366834171 0.27638190954773867 0.01507537688442211 0.01507537688442211 1194
001000000000000100000000 0.5201238390092879 0.0030959752321981426 0.47678018575851394 0.0 969
000100000000100100101000 0.447508896797153 0.3683274021352313 0.14412811387900357 0.0400355871886121 1124
000000011000000100000000 0.9795918367346939 0.002186588921282799 0.01749271137026239 0.0007288629737609329 1372
000000000010100100000000 0.9750499001996008 0.0029940119760479044 0.020958083832335328 0.000998003992015968 1002
000100000000000000100000 0.7661227661227661 0.0979020979020979 0.035742035742035744 0.10023310023310024 1287
001000000000001100001000 0.5385304659498208 0.278673835125448 0.1586021505376344 0.024193548387096774 1116
000000000100100000100000 0.3486370157819225 0.08177905308464849 0.020086083213773313 0.5494978479196556 697
000000000100000100001000 0.0815018315018315 0.5778388278388278 0.05860805860805861 0.28205128205128205 1092
000100000000001100100000 0.4767772511848341 0.35260663507109 0.12985781990521328 0.04075829383886256 1055
000100000000001000000000 0.5501202886928629 0.00400962309542903 0.43464314354450684 0.011226944667201283 1247
000110000000000000100100 0.9772933696639419 0.010899182561307902 0.009082652134423252 0.0027247956403269754 1101
000100000000101000000000 0.4821944177093359 0.004812319538017324 0.4985563041385948 0.014436958614051972 1039
001000000000001100000100 0.3438520130576714 0.5418933623503809 0.08705114254624592 0.02720348204570185 919
000000000100001100101100 0.22394220846233232 0.44169246646026833 0.30546955624355004 0.02889576883384933 969
000000000100000100100000 0.08051235132662397 0.5892040256175664 0.04391582799634035 0.28636779505946935 1093
000000100000001100100000 0.399540757749713 0.22388059701492538 0.3513203214695752 0.02525832376578645 871
000000100000001100100100 0.39371980676328505 0.2524154589371981 0.30917874396135264 0.04468599033816425 828
010000000000000000100000 0.8404761904761905 0.12857142857142856 0.02142857142857143 0.009523809523809525 840
000000010000100100000000 0.9606986899563319 0.0017467248908296944 0.03755458515283843 0.0 1145
000000101000001100101000 0.42021924482338613 0.23020706455542023 0.3264311814859927 0.023142509135200974 821
000000000010001000000100 0.5694006309148265 0.38801261829652994 0.02050473186119874 0.022082018927444796 634
100000000000100100100000 0.5251299826689775 0.3093587521663778 0.15337954939341422 0.012131715771230503 1154
000001000000000000100100 0.4722598105548038 0.4925575101488498 0.012178619756427604 0.023004059539918808 739
000000000100101100101000 0.3036597428288823 0.609297725024728 0.03857566765578635 0.04846686449060336 1011
000000000001000000000100 0.5841059602649007 0.38675496688741723 0.015894039735099338 0.013245033112582781 755
000001000000000000101000 0.5185676392572944 0.45755968169761274 0.017241379310344827 0.006631299734748011 754
010000000000001000000100 0.9581529581529582 0.011544011544011544 0.021645021645021644 0.008658008658008658 693
000000011000001100000000 0.9876819708846585 0.004479283314669653 0.006718924972004479 0.0011198208286674132 893
000000110000100100000000 0.9839400428265525 0.0053533190578158455 0.009635974304068522 0.0010706638115631692 934
000110000000000000000100 0.6725888324873096 0.30456852791878175 0.012690355329949238 0.01015228426395939 394
000100000000100100001000 0.4947089947089947 0.3324514991181658 0.15079365079365079 0.02204585537918871 1134
000100000000100000100000 0.39255014326647564 0.022922636103151862 0.0329512893982808 0.5515759312320917 698
000000000110100100000000 0.9880239520958084 0.004790419161676647 0.00718562874251497 0.0 835
111000000000101000101100 0.9691714836223507 0.005780346820809248 0.02119460500963391 0.0038535645472061657 519
000100000000001100101000 0.4124124124124124 0.36436436436436437 0.17517517517517517 0.04804804804804805 999
000000001000001100000000 0.9244288224956063 0.03163444639718805 0.03602811950790861 0.007908611599297012 1138
101000000000101000100000 0.42234848484848486 0.5056818181818182 0.03977272727272727 0.032196969696969696 528
000010000000000000100000 0.9046052631578947 0.06359649122807018 0.019736842105263157 0.01206140350877193 912
000000101000101100100100 0.060117302052785926 0.8401759530791789 0.04252199413489736 0.05718475073313783 682
000010000000000000101000 0.8876543209876543 0.07530864197530865 0.028395061728395062 0.008641975308641974 810
000100000000001000001100 0.3405238828967643 0.03389830508474576 0.5916795069337443 0.03389830508474576 649
000000000100001100000000 0.8627103631532329 0.042515500442869794 0.06643046944198405 0.0283436669619132 1129
000000000010000000100100 0.9333333333333333 0.04 0.016666666666666666 0.01 600
000000000100101100100100 0.23030907278165502 0.4187437686939183 0.3270189431704885 0.023928215353938187 1003
000000000010000000000100 0.6196969696969697 0.3196969696969697 0.03484848484848485 0.025757575757575757 660
000000001000001000100000 0.06997742663656885 0.8431151241534989 0.04740406320541761 0.039503386004514675 886
000000000001001100000100 0.5370370370370371 0.4243827160493827 0.023148148148148147 0.015432098765432098 648
000001000000000100000000 0.5123809523809524 0.011428571428571429 0.4704761904761905 0.005714285714285714 525
000000100000101100100000 0.3978494623655914 0.23775388291517324 0.32855436081242534 0.035842293906810034 837
000000101000000100000100 0.10986547085201794 0.08968609865470852 0.02466367713004484 0.7757847533632287 446
000000000100001100100100 0.2502883506343714 0.4186851211072664 0.28835063437139563 0.04267589388696655 867
000000001000100100001100 0.40551724137931033 0.23448275862068965 0.32689655172413795 0.03310344827586207 725
010000000000100100000000 0.9579967689822294 0.008077544426494346 0.01938610662358643 0.014539579967689823 619
000000001000101100001100 0.40493319630010277 0.2147995889003083 0.3432682425488181 0.03699897225077081 973
101000000000000000101000 0.960127591706539 0.03508771929824561 0.004784688995215311 0.0 627
110000000000100000100100 0.9744058500914077 0.0018281535648994515 0.02010968921389397 0.003656307129798903 547
000000100000000100000000 0.5047348484848485 0.041666666666666664 0.4308712121212121 0.022727272727272728 1056
000000000100100000101100 0.45555555555555555 0.225 0.27361111111111114 0.04583333333333333 720
000000001000101000101000 0.55 0.039655172413793106 0.006896551724137931 0.40344827586206894 580
100000000000100000000100 0.41890166028097064 0.41507024265644954 0.1392081736909323 0.02681992337164751 783
111000000000101100101100 0.9714285714285714 0.008928571428571428 0.017857142857142856 0.0017857142857142857 560
000000011000000000001100 0.9505962521294719 0.030664395229982964 0.008517887563884156 0.010221465076660987 587
000000100000101100101100 0.5098039215686274 0.023965141612200435 0.010893246187363835 0.4553376906318083 459
100000000000000000101000 0.9187592319054653 0.056129985228951254 0.022156573116691284 0.0029542097488921715 677
101000000000101100100000 0.5605786618444847 0.38517179023508136 0.034358047016274866 0.019891500904159132 553
000000001000000100000100 0.42208588957055215 0.08957055214723926 0.0392638036809816 0.449079754601227 815
000000000001001000000000 0.6213991769547325 0.0 0.3772290809327846 0.0013717421124828531 729
000000000100001000101100 0.4259818731117825 0.2628398791540785 0.27794561933534745 0.03323262839879154 662
000000010000000100100000 0.9129438717067583 0.048109965635738834 0.027491408934707903 0.011454753722794959 873
101000000000101000000100 0.37376237623762376 0.4344059405940594 0.1608910891089109 0.03094059405940594 808
000000001000100000000000 0.8794964028776978 0.04316546762589928 0.0683453237410072 0.008992805755395683 556
000000000101001100001100 0.9785992217898832 0.013618677042801557 0.0038910505836575876 0.0038910505836575876 514
101000000000101100101000 0.5046040515653776 0.3406998158379374 0.1408839779005525 0.013812154696132596 1086
000000001000001000000100 0.11150652431791222 0.8113879003558719 0.03795966785290629 0.03914590747330961 843
000000000100100000000000 0.8344988344988346 0.05710955710955711 0.0780885780885781 0.030303030303030304 858
000010000000100100100100 0.9536741214057508 0.007987220447284345 0.03035143769968051 0.007987220447284345 626
000000001000001100000100 0.05121951219512195 0.8731707317073171 0.03414634146341464 0.041463414634146344 820
000000100000100000001100 0.0970873786407767 0.8220064724919094 0.02912621359223301 0.05177993527508091 618
000110000000101100001000 0.9769094138543517 0.007104795737122558 0.007104795737122558 0.008880994671403197 563
000000101000101100000100 0.0678191489361702 0.839095744680851 0.0398936170212766 0.05319148936170213 752
000000101000100100101100 0.3843575418994413 0.2 0.38994413407821227 0.02569832402234637 895
000000000010101000000000 0.9443298969072165 0.0 0.05567010309278351 0.0 485
000001000000000000101100 0.4411764705882353 0.5345268542199488 0.011508951406649617 0.01278772378516624 782
010000000000001000001100 0.9567233384853169 0.0061823802163833074 0.02627511591962906 0.010819165378670788 647
000110000000100100100100 0.9715302491103203 0.0017793594306049821 0.023131672597864767 0.0035587188612099642 562
111000000000101000000100 0.9699646643109541 0.0035335689045936395 0.0088339222614841 0.0176678445229682 566
000000000010100100101100 0.956 0.024 0.012 0.008 500
000000010000000000101100 0.8908355795148248 0.06873315363881402 0.025606469002695417 0.014824797843665768 742
000000010000000000100100 0.906084656084656 0.056878306878306875 0.01984126984126984 0.017195767195767195 756
000100000000100000100100 0.37585733882030176 0.03292181069958848 0.5610425240054869 0.03017832647462277 729
000000101000101000000100 0.10316529894490035 0.8499413833528722 0.01992966002344666 0.026963657678780773 853
000000100000000100000100 0.4416058394160584 0.06082725060827251 0.0340632603406326 0.4635036496350365 822
000000000001001100001000 0.8741258741258742 0.08391608391608392 0.037296037296037296 0.004662004662004662 429
000000010000000100101000 0.9089709762532981 0.055408970976253295 0.021108179419525065 0.014511873350923483 758
010000000000001100000000 0.9730586370839936 0.006339144215530904 0.020602218700475437 0.0 631
000100000000001000001000 0.4094052558782849 0.015214384508990318 0.035961272475795295 0.5394190871369294 723
000101000000001100001100 0.991166077738516 0.0 0.007067137809187279 0.0017667844522968198 566
100000000000100000100100 0.5005045408678103 0.28254288597376387 0.1987891019172553 0.018163471241170535 991
011000000000001000001100 0.9712230215827338 0.0035971223021582736 0.01618705035971223 0.008992805755395683 556
011000000000001100000000 0.9783333333333334 0.005 0.01 0.006666666666666667 600
000000101000100100101000 0.41294642857142855 0.21651785714285715 0.3359375 0.03459821428571429 896
000000000100001000100100 0.49216710182767626 0.21279373368146215 0.25718015665796345 0.037859007832898174 766
000000000001001100001100 0.9645608628659477 0.015408320493066256 0.01078582434514638 0.009244992295839754 649
010000000000101100101100 0.9697508896797153 0.005338078291814947 0.017793594306049824 0.0071174377224199285 562
010000000000100000000100 0.9487908961593172 0.011379800853485065 0.03556187766714083 0.004267425320056899 703
010000000000101000101100 0.9667721518987342 0.014240506329113924 0.012658227848101266 0.006329113924050633 632
000101000000001100000000 0.9965753424657534 0.0017123287671232876 0.0017123287671232876 0.0 584
000111000000000100000100 0.9456521739130435 0.025362318840579712 0.021739130434782608 0.007246376811594203 552
010000000000000100000100 0.3974151857835218 0.2827140549273021 0.3166397415185784 0.0032310177705977385 619
000010000000101100001000 0.9752650176678446 0.00530035335689046 0.01060070671378092 0.0088339222614841 566
000000000100000000010100 0.46153846153846156 0.13034188034188035 0.3311965811965812 0.07692307692307693 468
000000110000000100100000 0.9616519174041298 0.01327433628318584 0.014749262536873156 0.01032448377581121 678
000100000000101000101100 0.34276729559748426 0.036163522012578615 0.5880503144654088 0.0330188679245283 636
000000101000101100000000 0.9108695652173913 0.041304347826086954 0.030434782608695653 0.017391304347826087 920
010000000000101100000000 0.9539473684210527 0.003289473684210526 0.03125 0.011513157894736841 608
001000000000001100101100 0.3752066115702479 0.5322314049586777 0.047933884297520664 0.04462809917355372 605
000000100000100000101100 0.10485133020344288 0.8012519561815337 0.0406885758998435 0.053208137715179966 639
010000000000001100001100 0.973421926910299 0.0016611295681063123 0.019933554817275746 0.0049833887043189366 602
000000100000101000000000 0.8256658595641646 0.043583535108958835 0.1089588377723971 0.021791767554479417 413
001000000000100000000000 0.754054054054054 0.0 0.23243243243243245 0.013513513513513514 370
000000000010100100100100 0.9636363636363636 0.01616161616161616 0.00808080808080808 0.012121212121212121 495
101000000000101000100100 0.4569377990430622 0.41866028708133973 0.10047846889952153 0.023923444976076555 418
000000000010000000001000 0.7116564417177914 0.05521472392638037 0.22699386503067484 0.006134969325153374 489
001000000000001100100100 0.409009009009009 0.5225225225225225 0.03783783783783784 0.03063063063063063 555
000000011000000100001000 0.9494949494949495 0.02861952861952862 0.015151515151515152 0.006734006734006734 594
101000000000101100001100 0.4054982817869416 0.5051546391752577 0.06357388316151202 0.02577319587628866 582
000000000010001000001000 0.7145969498910676 0.0718954248366013 0.2113289760348584 0.002178649237472767 459
000000001000100100001000 0.38909541511771994 0.21437422552664187 0.3593556381660471 0.03717472118959108 807
000001000000100000000000 0.9362549800796812 0.0199203187250996 0.043824701195219126 0.0 251
000000000001000000001100 0.9483500717360115 0.03156384505021521 0.01291248206599713 0.007173601147776184 697
000110000000000000001100 0.6578947368421053 0.3157894736842105 0.014354066985645933 0.011961722488038277 418
000000000100100100001100 0.24727272727272728 0.44 0.26545454545454544 0.04727272727272727 825
001000000000001000000100 0.35496688741721855 0.4609271523178808 0.15364238410596026 0.030463576158940398 755
110000000000100100100100 0.9772296015180265 0.0056925996204933585 0.011385199240986717 0.0056925996204933585 527
000000110000000000100100 0.9310344827586207 0.03776683087027915 0.019704433497536946 0.011494252873563218 609
000000110000100100100100 0.9285714285714286 0.04054054054054054 0.017374517374517374 0.013513513513513514 518
101000000000000000101100 0.9532710280373832 0.040498442367601244 0.004672897196261682 0.001557632398753894 642
000000101000101000100100 0.1008130081300813 0.8016260162601626 0.03414634146341464 0.06341463414634146 615
000000101000000000101101 0.8066465256797583 0.14803625377643503 0.03625377643504532 0.00906344410876133 331
100000000000000100000100 0.7225806451612903 0.023655913978494623 0.02795698924731183 0.22580645161290322 465
001000000000001100100000 0.5502008032128514 0.35542168674698793 0.07028112449799197 0.024096385542168676 498
001000000000000000101100 0.8796147672552167 0.08346709470304976 0.025682182985553772 0.011235955056179775 623
000000000001100000000000 0.6525821596244131 0.0 0.34507042253521125 0.002347417840375587 426
000000000001000000101000 0.8842975206611571 0.07713498622589532 0.030303030303030304 0.008264462809917356 363
000000111000000100101000 0.9303571428571429 0.039285714285714285 0.01607142857142857 0.014285714285714285 560
000000000100001000000000 0.8042553191489362 0.04680851063829787 0.11702127659574468 0.031914893617021274 940
