000000000000000000000000 0.9994964731638768 4.740054444099027e-05 0.00044129629678395623 1.482999489820456e-05 7215107
000001000000000000000000 0.9993783027665527 9.184163675926187e-05 0.0005298555966880493 0.0 141548
010000000000000000000000 0.9993138322469011 0.00011933352227807694 0.0005668342308208655 0.0 134078
000100000000000000000000 0.9991824927682053 0.00021223745440825052 0.0005659665450886681 3.930323229782417e-05 127216
000000100000000000000000 0.9989279671415471 0.000503726282887514 0.0005424744584942459 2.5832117071154565e-05 77423
000000000010000000000000 0.9991021351963003 0.00013529469644789924 0.0007379710715339959 2.4599035717799862e-05 81304
000000001000000000000000 0.9984082769598089 0.0008370267711349259 0.0007272527683631324 2.7443500692948393e-05 72877
000000000001000000000000 0.9789526019224395 4.9718263175339744e-05 0.02098110705999337 1.6572754391779913e-05 60340
000000010000000100000000 0.9767308990806628 0.00015581987222770477 0.023044027770563896 6.925327654564657e-05 57759
000000000001000100000000 0.9782814902037745 4.9062898636051415e-05 0.021653092598044026 1.635429954535047e-05 61146
000000010000000000000000 0.9780517708819009 0.00015541625654043412 0.021792812861558652 0.0 57909
000000000100000000000000 0.978042751199651 0.0002181183655663807 0.02166642431292715 7.270612185546023e-05 55016
000000000100010000000000 0.9766617321856096 0.000127930990368624 0.023155509256720944 5.482756730083886e-05 54717
000010000000000000001000 0.9819223985890653 0.01721580888247555 0.0007615840949174282 0.00010020843354176687 49896
100000000000000000000000 0.9822558050685571 0.016958865729931657 0.0007428789744025131 4.2450227108715035e-05 47114
000010000000000000000000 0.9815416271610418 0.01783300720179137 0.00048415404167759376 0.00014121159548929817 49571
100000000000000000001000 0.9808113219575426 0.01825368154869419 0.0006799974500095625 0.00025499904375358593 47059
001000000000000000100000 0.980191039345008 0.019103934500795998 0.0006367978166931999 6.822833750284285e-05 43970
001000000000000000000000 0.9807430593358737 0.018463073852295408 0.0007031391761930684 9.072763563781528e-05 44088
000011000000000000001000 0.9818859882791688 0.01738145977623868 0.0005327650506126798 0.00019978689397975492 15016
000011000000000000000000 0.9810710987996306 0.01793958580662182 0.0009893153937475267 0.0 15162
001100000000000000000000 0.9784241531664212 0.02025036818851252 0.0010309278350515464 0.0002945508100147275 13580
000000000011000000000000 0.9769836935320277 0.00031208551143013184 0.022626199578684558 7.802137785753296e-05 12817
001100000000000000100000 0.9782297551789078 0.021016949152542375 0.0007532956685499058 0.0 13275
110000000000000000001000 0.980720158775163 0.018783668840374256 0.0003544088460447973 0.0001417635384179189 14108
110000000000000000000000 0.9803294309828479 0.018785733732643615 0.0008848352845085761 0.0 14692
000000110000000100000000 0.9800899700099966 8.330556481172943e-05 0.0198267244251916 0.0 12004
000000001100010000000000 0.9766807462161211 8.799718409010911e-05 0.02305526223160859 0.00017599436818021823 11364
000000110000000000000000 0.9781641397495056 0.0004119973632168754 0.02142386288727752 0.0 12136
000000000011000100000000 0.9779113331251952 0.00031220730565095225 0.02177645956915392 0.0 12812
000000001000000000001000 0.8791231097127779 0.11712168882573835 0.002740282147569268 0.0010149193139145439 9853
000000001100000000000000 0.9730551933941765 0.0011299435028248588 0.02572794437201217 8.69187309865276e-05 11505
000000000010000000100010 0.9590199956053614 0.03911228301472204 0.0014282575258185014 0.00043946385409800046 9102
000000000010000000101010 0.9645226686325101 0.0343715444157759 0.0008293402137854773 0.00027644673792849247 10852
000000100000000000101000 0.9569471624266145 0.04120460969776038 0.001304631441617743 0.0005435964340073929 9198
000000000010000000001010 0.9583287031892432 0.04000444493832648 0.00111123458162018 0.00055561729081009 8999
000000000010000000000010 0.9550574982398498 0.043065008214034264 0.0014081201595869514 0.0004693733865289838 8522
000000100000000000100000 0.9203501567059332 0.07673187074462337 0.0021614611477358695 0.0007565114017075543 9253
000100000000000100000000 0.9155316919853327 0.0030120481927710845 0.08132530120481928 0.00013095861707700367 7636
000100000000010100000000 0.9349166062364032 0.001994198694706309 0.0630891950688905 0.0 5516
000000000010000001000010 0.9916784424556445 0.0018841262364578427 0.0018841262364578427 0.004553305071439786 6369
010000000000010000000000 0.9454246411483254 0.0005980861244019139 0.05382775119617225 0.00014952153110047846 6688
000100000000000101000000 0.9671943855067733 0.0006528480496164518 0.03182634241880202 0.0003264240248082259 6127
000000001000000100001000 0.9788972089857045 0.0059564329475833904 0.0059564329475833904 0.009189925119128658 5876
001000000000000000001000 0.9303898878404843 0.06426918283781378 0.0037386505251913835 0.0016022787965105929 5617
000000001000000000001010 0.949280708225747 0.04813721873847289 0.002028771670970122 0.0005533013648100332 5422
000001000000000001000000 0.9686463171864632 0.0004976775049767751 0.030690112806901128 0.00016589250165892502 6028
100000000000000000100000 0.9565595134665508 0.04100781928757602 0.0020851433536055604 0.0003475238922675934 5755
000000000001000101000000 0.99349828426946 0.00036120642947444465 0.006140509301065559 0.0 5537
000000000010010101101010 0.9930427665234295 0.0008184980560671168 0.0012277470841006752 0.004910988336402701 4887
000011000000000000001010 0.9926399380205307 0.00600426108851443 0.0013558008909548712 0.0 5163
000010000000000000001010 0.9924037812288994 0.005064145847400405 0.002363268062120189 0.00016880486158001352 5924
000000100000010000100000 0.9853128991060025 0.003033205619412516 0.00351213282247765 0.008141762452107279 6264
000000000100000100000000 0.9395169082125604 0.002898550724637681 0.057391304347826085 0.0001932367149758454 5175
000100000000000101001010 0.9940078753638075 0.0015408320493066256 0.0008560178051703475 0.0035952747817154596 5841
000100000000010101000000 0.9518636448773179 0.00037460198539052256 0.047761753137291627 0.0 5339
010000000000000000100000 0.9328372821617388 0.06089680830233014 0.0045036224789504605 0.0017622870569806149 5107
010000000000010101000000 0.9627973528885709 0.0005365766410302271 0.036666070470398854 0.0 5591
000000000010010001100010 0.9910313901345291 0.0007174887892376681 0.0010762331838565023 0.007174887892376682 5575
010000000000010001100010 0.9961139896373057 0.0007401924500370096 0.0011102886750555144 0.0020355292376017763 5404
000000110000010000000000 0.972737955346651 0.0018801410105757932 0.025381903642773207 0.0 4255
000001000000000000000010 0.9719135178824004 0.025863810870883006 0.002020610224287735 0.00020206102242877348 4949
000000010000010000000000 0.9576609075374977 0.0017087526105942661 0.04063033985190811 0.0 5267
000000000010000101001010 0.9915341730332439 0.00041296716911005574 0.0008259343382201115 0.007226925459425976 4843
010000000000010101101010 0.9942594718714122 0.0007654037504783774 0.0013394565633371603 0.0036356678147722926 5226
001000000000000000001010 0.9744754488427428 0.022496214579277526 0.001946787800129786 0.001081548777849881 4623
000000100000010100101000 0.9896007428040854 0.0012999071494893223 0.0025998142989786446 0.0064995357474466105 5385
000100000000010100101000 0.9919540229885058 0.0028735632183908046 0.0009578544061302681 0.00421455938697318 5220
000000100000000000100010 0.9511120016028852 0.04728511320376678 0.0012021638950110197 0.0004007212983370066 4991
110000000000000000100010 0.9806111696522656 0.017070600632244467 0.0018967334035827187 0.00042149631190727084 4745
000100000000000000001000 0.8398649915619726 0.1524470279392462 0.005062816426026627 0.0026251640727545473 5333
001100000000000000001000 0.9611732433002743 0.03587254695083351 0.0025321797847647183 0.00042202996412745304 4739
100000000000000000100010 0.9739957716701902 0.024101479915433405 0.0014799154334038055 0.00042283298097251583 4730
110000000000000000100000 0.9675545764069697 0.03064290006008412 0.0018025235329461246 0.0 4993
000100000000000100001000 0.9735857362976007 0.0068236847897864845 0.0061633281972265025 0.01342725071538631 4543
000000000011000101000000 0.995047276001801 0.00022512381809995497 0.004727600180099055 0.0 4442
010000000000010001000000 0.9616289592760181 0.00036199095022624434 0.03800904977375565 0.0 5525
000100000000010101101010 0.9950835791543756 0.0007866273352999017 0.0005899705014749262 0.0035398230088495575 5085
000000000001010001000000 0.9947242206235012 0.00023980815347721823 0.004796163069544364 0.00023980815347721823 4170
000000100000000000101010 0.9450020072260137 0.05319148936170213 0.0014050582095543958 0.0004014452027298274 4982
000010000000000000100010 0.9941473259334006 0.003632694248234107 0.0018163471241170535 0.0004036326942482341 4955
000000001000000000101010 0.9564164648910412 0.04160246533127889 0.0015408320493066256 0.00044023772837332157 4543
000000001000000101001010 0.9934707202611712 0.000612119975515201 0.00020403999183840033 0.005713119771475209 4901
000000001000000000101000 0.9154066203514507 0.0805067429505517 0.0032693093583980384 0.0008173273395995096 4894
000001000000000000010000 0.5681618293755497 0.0005863383172090296 0.43066549399003223 0.0005863383172090296 3411
000001000000000000000100 0.5641025641025641 0.0008453085376162299 0.4347703578472809 0.0002817695125387433 3549
000000100000010001100010 0.9927023440955329 0.0008845643520566122 0.0004422821760283061 0.005970809376382132 4522
010000000000010100000000 0.9115067079463365 0.0015479876160990713 0.08668730650154799 0.00025799793601651185 3876
010000000000010000100000 0.9863963039014374 0.0038501026694045173 0.003593429158110883 0.006160164271047228 3896
001100000000000000001010 0.9793985318493962 0.018233483305706844 0.002131186360407293 0.00023679848448969926 4223
000000001000010101101010 0.994061757719715 0.00047505938242280285 0.0009501187648456057 0.004513064133016627 4210
000000110000010001000000 0.9727576458493961 0.0007710100231303007 0.026214340786430222 0.00025700334104343357 3891
000000001000010100101000 0.9897959183673469 0.002319109461966605 0.0018552875695732839 0.006029684601113173 4312
010000000000000000001000 0.6936095710533995 0.30026262036766854 0.0032098044937262913 0.0029180040852057193 3427
000000100000010000000000 0.9429092805005214 0.0036496350364963502 0.052398331595411886 0.0010427528675703858 3836
000011000000000000100010 0.9963069347558473 0.002872384078785392 0.0006155108740254411 0.0002051702913418137 4874
000000010000010001000000 0.9735214055926751 0.0 0.026478594407324918 0.0 4041
000000001100000100000000 0.9652109548482606 0.002467308166790032 0.032075006168270415 0.0002467308166790032 4053
000000001000000100000000 0.9028361344537815 0.006565126050420168 0.0900735294117647 0.0005252100840336134 3808
000000000010000001000000 0.9709893379618151 0.0007438631291842301 0.028018844532606002 0.0002479543763947434 4033
000001000000000000001000 0.7051814907176503 0.28983097811027986 0.0022166805209199226 0.002770850651149903 3609
010000000000000000101000 0.889920424403183 0.10610079575596817 0.002652519893899204 0.001326259946949602 3016
000010000000000001001000 0.9856540084388186 0.004781997187060478 0.007876230661040788 0.0016877637130801688 3555
000000100000010101101010 0.9918422841604351 0.0013596193065941536 0.0015862225243598459 0.005211874008610922 4413
010000000000000000000001 0.5326681686514323 0.002574831026713872 0.46475700032185385 0.0 3107
000001000000000100000000 0.8636363636363636 0.0005577244841048522 0.13524818739542666 0.0005577244841048522 3586
010000000000010100101000 0.986579182821354 0.0023859230539815092 0.0023859230539815092 0.00864897107068297 3353
000000000100000101000000 0.9723101265822784 0.0005274261603375527 0.027162447257383968 0.0 3792
000000001100000101000000 0.976560293702344 0.0005648121999435188 0.02287489409771251 0.0 3541
000001000000010001000000 0.95687952600395 0.0 0.042791310072416065 0.0003291639236339697 3038
010000000000000000010000 0.5726205191594561 0.0021631644004944375 0.42398022249690975 0.0012360939431396785 3236
000001000000000000001010 0.959551325628824 0.038069340584636305 0.002379333786539769 0.0 2942
000001000000000000000001 0.5323322096230463 0.0009193993257738277 0.4667483910511799 0.0 3263
010000000000000100000000 0.8567654828294687 0.000587026709715292 0.14176695039624304 0.0008805400645729381 3407
000100000000000000000100 0.5686777920410783 0.0019255455712451862 0.4284338896020539 0.0009627727856225931 3116
000001000000000000101010 0.962059620596206 0.036585365853658534 0.0013550135501355014 0.0 2952
000100000000000000101000 0.8906730440724291 0.10078578749572942 0.0058079945336522035 0.0027331738981892723 2927
000000000011010001000000 0.9962443665498247 0.0002503755633450175 0.0035052578868302454 0.0 3994
000000000100000000001000 0.8802356020942408 0.10274869109947644 0.012107329842931938 0.004908376963350785 3056
000001000000000000100010 0.9593358183666554 0.03761436801084378 0.0020332090816672314 0.0010166045408336157 2951
000100000000000000001010 0.9566869300911854 0.041033434650455926 0.0022796352583586625 0.0 2632
000001000000010000000000 0.9432601880877743 0.0 0.056739811912225706 0.0 3190
000000000010000100000000 0.7659841203510238 0.0008357709987463436 0.23276222315085668 0.0004178854993731718 2393
000001000000010101000000 0.9496791624451199 0.0010131712259371835 0.04930766632894292 0.0 2961
000011000000010001000000 0.9922111639982691 0.0008654262224145391 0.0025962786672436176 0.004327131112072695 2311
100000000000010000000000 0.9623224212476837 0.00586781964175417 0.029339098208770845 0.0024706609017912293 3238
100000000000010000100000 0.9695634761714057 0.005606728073688426 0.023628354024829795 0.0012014417300760913 2497
000100000000000000000001 0.5197368421052632 0.0 0.4795706371191136 0.0006925207756232687 2888
000011000000010101100010 0.9807306302689683 0.0008028904054596548 0.01686069851465275 0.0016057808109193096 2491
001000000000000100001000 0.9513715710723192 0.008728179551122194 0.03615960099750624 0.003740648379052369 2406
000100000000000000101010 0.9537509104151493 0.04260742898761835 0.0025491624180626364 0.0010924981791697013 2746
000000000001010001100010 0.9821600771456124 0.01591128254580521 0.0009643201542912247 0.0009643201542912247 2074
001000000000010101100000 0.9767220902612826 0.0 0.02280285035629454 0.00047505938242280285 2105
001000000000010100100000 0.956078083407276 0.0022182786157941437 0.0385980479148181 0.003105590062111801 2254
110000000000010100001000 0.96984058595433 0.0008616975441619991 0.026281775096940973 0.003015941404566997 2321
000100000000000000010000 0.5500826446280992 0.004297520661157025 0.444297520661157 0.001322314049586777 3025
000000100000010100000000 0.9114155251141552 0.005936073059360731 0.08127853881278539 0.0013698630136986301 2190
000000110000010000101000 0.9814910025706941 0.015424164524421594 0.0015424164524421595 0.0015424164524421595 1945
000010000000010101001000 0.9934129271305063 0.0 0.005351996706463565 0.0012350761630300535 2429
000011000000000101001010 0.975619666802113 0.0004063388866314506 0.022754977651361235 0.001219016659894352 2461
100000000000010101100010 0.976774758983348 0.0013146362839614374 0.020157756354075372 0.0017528483786152498 2282
001000000000000100000000 0.9363525091799265 0.008567931456548347 0.050489596083231336 0.004589963280293758 3268
000001000000010101101010 0.9936215450035436 0.00035435861091424523 0.0024805102763997165 0.003543586109142452 2822
000100000000000000000010 0.9475183075671277 0.03946297803091944 0.007323026851098454 0.005695687550854353 2458
000100000000000000100000 0.8137288720248361 0.17937219730941703 0.004139358399448086 0.0027595722662987236 2899
000000001000000101000000 0.9467680608365019 0.0009505703422053232 0.05038022813688213 0.0019011406844106464 2104
001100000000010100100000 0.9671532846715328 0.005018248175182482 0.02645985401459854 0.0013686131386861315 2192
000100000000000001000000 0.9375431331953071 0.0006901311249137336 0.06176673567977916 0.0 2898
000010000000010001100010 0.9774959083469722 0.0 0.021685761047463174 0.0008183306055646482 2444
001000000000000101001010 0.9691244239631336 0.0004608294930875576 0.02857142857142857 0.0018433179723502304 2170
110000000000010101100010 0.9718550106609808 0.00042643923240938164 0.0255863539445629 0.0021321961620469083 2345
000011000000000001001000 0.9911441728657456 0.0038965639390719092 0.004605030109812256 0.00035423308537017357 2823
000011000000010001100010 0.9803841438496118 0.0012259910093992644 0.01798120147118921 0.0004086636697997548 2447
000001000000010001100010 0.9953703703703703 0.0 0.0016534391534391533 0.002976190476190476 3024
000010000000000101000000 0.993064055487556 0.0004079967360261118 0.004079967360261118 0.0024479804161566705 2451
000001000000000001000010 0.9877509356924123 0.001701258931609391 0.004083021435862538 0.006464783940115686 2939
110000000000010000000000 0.9648377125193199 0.00463678516228748 0.02743431221020093 0.0030911901081916537 2588
000100000000010000000000 0.9061171082760877 0.0013084723585214263 0.0919201831861302 0.0006542361792607131 3057
000000110000010001100010 0.9755261869799314 0.01957905041605482 0.0024473813020068525 0.0024473813020068525 2043
001100000000000100000000 0.9574989783408255 0.007764609726195341 0.032693093583980384 0.002043318348998774 2447
001100000000010101001010 0.9778495616059067 0.00046146746654360867 0.019843101061375174 0.0018458698661744347 2167
001100000000000101001010 0.9737448180561953 0.0 0.025333947489636112 0.0009212344541685859 2171
000000000001000000001010 0.9813499111900533 0.007992895204262877 0.008880994671403197 0.0017761989342806395 2252
000000000001000100000010 0.9782121115027235 0.007369432874078821 0.011214354373598205 0.0032041012495994873 3121
110000000000010000100000 0.9713811696391539 0.005806719203649938 0.02198257984238905 0.0008295313148071339 2411
000011000000000001001010 0.9787234042553191 0.0007736943907156673 0.02011605415860735 0.00038684719535783365 2585
000001000000000101000000 0.9553772070626003 0.0 0.04462279293739968 0.0 3115
000000000010010001000000 0.9530621367903442 0.0004470272686633885 0.0464908359409924 0.0 2237
000000000010000101000000 0.9472076788830716 0.0004363001745200698 0.051919720767888304 0.0004363001745200698 2292
000000000011000101001010 0.9781887150308203 0.01944049312470365 0.000948316737790422 0.001422475106685633 2109
000000001100000101001010 0.9742627345844505 0.0193029490616622 0.0010723860589812334 0.005361930294906166 1865
001100000000000100001000 0.9591397849462365 0.007741935483870968 0.030107526881720432 0.003010752688172043 2325
001100000000010100001000 0.9676445211389129 0.0021570319240724763 0.026747195858498704 0.003451251078515962 2318
000010000000010001000000 0.9954788327168105 0.0004110152075626798 0.002877106452938759 0.0012330456226880395 2433
001000000000010100001000 0.9654377880184332 0.0027649769585253456 0.02857142857142857 0.0032258064516129032 2170
000001000000000000100000 0.8792125458792125 0.11544878211544878 0.004004004004004004 0.001334668001334668 2997
000000000010000000010000 0.5524364406779662 0.0005296610169491525 0.4459745762711864 0.001059322033898305 1888
010000000000000000000100 0.5710423550615801 0.0012015620306398318 0.4265545208771403 0.0012015620306398318 3329
010000000000000000000010 0.9468617635733538 0.0431266846361186 0.003850596842510589 0.0061609549480169425 2597
010000000000000000100010 0.959916347159289 0.036598117811084 0.0027884280237016382 0.0006971070059254096 2869
001000000000000101000000 0.9745166959578208 0.0017574692442882249 0.0210896309314587 0.0026362038664323375 2276
000000000011000101000010 0.9727435210008937 0.01966041108132261 0.004915102770330653 0.002680965147453083 2238
000000010000010001100010 0.9769467213114754 0.022540983606557378 0.0 0.0005122950819672131 1952
100000000000010101001000 0.9759188846641318 0.0012674271229404308 0.020701309674693705 0.0021123785382340513 2367
001000000000010101001010 0.9752540874944764 0.0008837825894829872 0.022536456031816175 0.0013256738842244808 2263
110000000000010101001000 0.9817409766454352 0.0008492569002123143 0.01613588110403397 0.0012738853503184713 2355
000000000011000100000010 0.984984984984985 0.008151008151008152 0.006006006006006006 0.000858000858000858 2331
000000000001000000100010 0.984 0.011111111111111112 0.0044444444444444444 0.00044444444444444447 2250
000000010000000000100000 0.9382113821138212 0.04552845528455285 0.011056910569105691 0.005203252032520325 3075
000000010000010000101000 0.9673489278752436 0.02387914230019493 0.004873294346978557 0.003898635477582846 2052
000000000100010000101000 0.9279197080291971 0.057025547445255474 0.00958029197080292 0.005474452554744526 2192
001100000000010101100000 0.9756433823529411 0.0013786764705882354 0.02022058823529412 0.0027573529411764708 2176
000000001000010101000000 0.9527633443552197 0.0004723665564478035 0.04676428908833254 0.0 2117
000000010000000000100010 0.9740389415876186 0.018472291562656017 0.0024962556165751375 0.004992511233150275 2003
000010000000000101001010 0.9754329440193314 0.0008054772452678212 0.022956101490132903 0.0008054772452678212 2483
110000000000010100100000 0.9796351294017819 0.0016970725498515061 0.017394993635977938 0.0012728044123886295 2357
100000000000010001100010 0.9727543635589613 0.0004257130693912303 0.024265644955300127 0.002554278416347382 2349
000000010000000100101010 0.9661971830985916 0.01971830985915493 0.010328638497652582 0.003755868544600939 2130
000000000010000000001000 0.7076854731230564 0.28698356286095067 0.003553976010661928 0.001776988005330964 2251
000000110000000100101010 0.9697590978985136 0.019477191184008202 0.006663249615581753 0.004100461301896463 1951
000011000000000101000000 0.9955357142857143 0.0 0.0036525974025974025 0.0008116883116883117 2464
010000000000000000101010 0.9560085836909872 0.0407725321888412 0.002503576537911302 0.000715307582260372 2796
000000001100000000001000 0.9403669724770642 0.053669724770642205 0.003211009174311927 0.0027522935779816515 2180
000000110000000000100000 0.9635964912280702 0.025 0.007017543859649123 0.0043859649122807015 2280
010000000000000001000000 0.940765391014975 0.0 0.058901830282861896 0.00033277870216306157 3005
000001000000000101001010 0.9945652173913043 0.0016983695652173913 0.0 0.003736413043478261 2944
000000100000000001000000 0.9456579648375066 0.0010655301012253596 0.05327650506126798 0.0 1877
000000110000000000100010 0.9802631578947368 0.014676113360323886 0.0020242914979757085 0.003036437246963563 1976
000000010000010001101010 0.9724815724815725 0.01818181818181818 0.0034398034398034397 0.005896805896805897 2035
000000000100000100101000 0.94 0.0265 0.029 0.0045 2000
000000001100010000101010 0.9727272727272728 0.020320855614973262 0.0053475935828877 0.0016042780748663102 1870
000000000001000100101010 0.969327731092437 0.012605042016806723 0.014705882352941176 0.0033613445378151263 2380
000011000000010101001000 0.9949874686716792 0.0 0.0029239766081871343 0.0020885547201336674 2394
000000000010000000100000 0.798622151563328 0.19607843137254902 0.0047694753577106515 0.0005299417064122947 1887
000010000000010101100010 0.9752679307502061 0.0008244023083264633 0.02019785655399835 0.003709810387469085 2426
000010000000000000001100 0.4584578601315003 0.13568439928272563 0.3484757919904363 0.05738194859533772 1673
110000000000010001000000 0.9796511627906976 0.0004152823920265781 0.019933554817275746 0.0 2408
000000000100010000101010 0.9617373319544984 0.02016546018614271 0.01344364012409514 0.004653567735263702 1934
000000100000000000001000 0.6819703491152559 0.31037780966044953 0.0052606408417025345 0.0023912003825920613 2091
100000000000010100001000 0.9545645771981489 0.0033655868742111907 0.03954564577198149 0.002524190155658393 2377
000000010000000100101000 0.9138225255972696 0.06655290102389079 0.014931740614334471 0.00469283276450512 2344
000000000011000000001010 0.9825528007346189 0.0073461891643709825 0.006887052341597796 0.0032139577594123047 2178
000000000001000101001010 0.972960372960373 0.020046620046620046 0.0018648018648018648 0.005128205128205128 2145
000000100000010001000000 0.9477747502270663 0.00045413260672116256 0.05086285195277021 0.0009082652134423251 2202
100000000000010001000000 0.9731800766283525 0.0008514261387824606 0.024265644955300127 0.0017028522775649213 2349
000000000010010000000000 0.923936170212766 0.0 0.07606382978723404 0.0 1880
000010000000000001001010 0.975400234283483 0.0015618898867629833 0.022647403358063256 0.0003904724716907458 2561
001100000000000101000000 0.9701897018970189 0.0018066847335140017 0.026196928635953028 0.0018066847335140017 2214
000000000010000000000001 0.5424242424242425 0.000505050505050505 0.45606060606060606 0.00101010101010101 1980
000000000011010001100010 0.9816867469879518 0.015903614457831325 0.0009638554216867469 0.0014457831325301205 2075
110000000000010001100010 0.9812583668005355 0.000892458723784025 0.01606425702811245 0.00178491744756805 2241
000000110000010000100000 0.969809568044589 0.025545750116117046 0.0013934045517882026 0.003251277287505806 2153
000000001100000100001000 0.9540791402051783 0.03517342452369321 0.00537371763556424 0.00537371763556424 2047
000000000010010101000000 0.9518963922294172 0.0 0.04810360777058279 0.0 2162
000000001000010100000000 0.9157994323557237 0.004730368968779565 0.07899716177861874 0.0004730368968779565 2114
000010000000000000000100 0.45300751879699247 0.11967418546365914 0.3634085213032581 0.06390977443609022 1596
000000100000000100000000 0.7526929982046678 0.0013464991023339318 0.24461400359066426 0.0013464991023339318 2228
100000000000010100100000 0.9738646101113967 0.0021422450728363325 0.021850899742930592 0.0021422450728363325 2334
000000000011000100101010 0.9867579908675799 0.00410958904109589 0.0073059360730593605 0.0018264840182648401 2190
000000000100000101001010 0.9827105409927496 0.012827663134411601 0.002788622420524261 0.0016731734523145567 1793
000000000011000000100010 0.9917953667953668 0.0033783783783783786 0.0014478764478764478 0.0033783783783783786 2072
000000100000000000010000 0.5674830640958832 0.005732152162584679 0.42365815528921313 0.003126628452318916 1919
000000110000000100101000 0.9624365482233502 0.029949238578680204 0.003045685279187817 0.004568527918781726 1970
100000000000000100000000 0.8045052292839904 0.06355591311343524 0.1263073209975865 0.0056315366049879325 1243
000000000001010000000000 0.8681592039800995 0.0 0.1318407960199005 0.0 1608
000000001100000100101000 0.9727520435967303 0.019618528610354225 0.005449591280653951 0.0021798365122615805 1835
000000000100000000100000 0.7967741935483871 0.10241935483870968 0.09758064516129032 0.0032258064516129032 1240
000000000001000100001000 0.7017114914425427 0.21638141809290953 0.07212713936430318 0.009779951100244499 1636
100000000000000000101000 0.774679728711379 0.2185380557648832 0.00452147701582517 0.002260738507912585 1327
000000001100000000001010 0.9795037756202805 0.014023732470334413 0.0037756202804746495 0.002696871628910464 1854
000000000001010001101010 0.9800097513408094 0.017552413456850317 0.00048756704046806434 0.0019502681618722574 2051
000000100000010101000000 0.9558011049723757 0.001841620626151013 0.04189686924493554 0.00046040515653775324 2172
000000000001000000000100 0.5275908479138627 0.0006729475100942127 0.47106325706594887 0.0006729475100942127 1486
000000001000000001000000 0.9507507507507508 0.0024024024024024023 0.04684684684684685 0.0 1665
001000000000000100100000 0.7828200972447326 0.060777957860615885 0.15235008103727715 0.004051863857374392 1234
000000000010000000000100 0.5568948891031823 0.0 0.4426229508196721 0.00048216007714561236 2074
000000010000000101000000 0.9697624190064795 0.0007199424046076314 0.027357811375089993 0.0021598272138228943 1389
000000001100010000101000 0.9561774023231256 0.03167898627243928 0.006863780359028511 0.005279831045406547 1894
000000000001000000000010 0.8529650690495532 0.08042242079610074 0.06011372867587327 0.006498781478472786 1231
000000100000000000000100 0.5560165975103735 0.002074688796680498 0.4413900414937759 0.0005186721991701245 1928
000000001000000000000100 0.5579787234042554 0.007978723404255319 0.4308510638297872 0.0031914893617021275 1880
000000000001010100000000 0.9213263979193758 0.0 0.07867360208062418 0.0 1538
000010000000010000000000 0.8863247863247863 0.01623931623931624 0.09145299145299145 0.005982905982905983 1170
000000000001000000001000 0.6878436163714111 0.2388515577275504 0.06719609040928527 0.006108735491753207 1637
000000001000000000010000 0.566350710900474 0.00533175355450237 0.42239336492890994 0.005924170616113744 1688
100000000000000100001000 0.792063492063492 0.049206349206349205 0.15317460317460319 0.005555555555555556 1260
000000000100000000001010 0.9708969465648855 0.018606870229007633 0.006679389312977099 0.003816793893129771 2096
000000000100010100000000 0.8099121706398996 0.0 0.18946047678795483 0.0006273525721455458 1594
000000110000010001101010 0.9773546062789501 0.019042717447246525 0.0 0.003602676273803397 1943
000000010000010000100000 0.9695817490494296 0.019961977186311788 0.0076045627376425855 0.0028517110266159697 2104
100000000000000000000010 0.8948275862068965 0.09913793103448276 0.0017241379310344827 0.004310344827586207 1160
000000001100000101101010 0.976457399103139 0.017376681614349777 0.004484304932735426 0.0016816143497757848 1784
000000001000000000000001 0.5265760197775031 0.0030902348578491965 0.46971569839307786 0.0006180469715698393 1618
000000000011010001101010 0.9707271010387157 0.026912181303116147 0.0018885741265344666 0.00047214353163361664 2118
000000001000010000000000 0.809095452273863 0.0014992503748125937 0.18840579710144928 0.0009995002498750624 2001
000000000100000100001000 0.9577329490874159 0.025456292026897216 0.012007684918347743 0.004803073967339097 2082
100000000000000001000000 0.9119555143651529 0.020389249304911955 0.0639481000926784 0.0037071362372567192 1079
000000000100010000000100 0.5461309523809523 0.001488095238095238 0.4523809523809524 0.0 1344
000000010000010100000000 0.8739549839228296 0.0012861736334405145 0.12475884244372991 0.0 1555
000000000001000101000010 0.9781121751025992 0.017783857729138167 0.00364797081623347 0.00045599635202918376 2193
000000000001000001000000 0.8525289457647776 0.0006093845216331506 0.14686166971358927 0.0 1641
000000000001000100100000 0.8764880952380952 0.09077380952380952 0.028273809523809524 0.004464285714285714 1344
000000000100000000000001 0.530278232405892 0.0024549918166939444 0.4656301145662848 0.0016366612111292963 1222
000010000000000000011000 0.5385214007782101 0.00933852140077821 0.445136186770428 0.007003891050583658 1285
000000000100000000000100 0.5726235741444867 0.0045627376425855515 0.420532319391635 0.0022813688212927757 1315
000000010000000000010000 0.5785302593659942 0.0007204610951008645 0.41930835734870314 0.001440922190201729 1388
000000000001000000010000 0.5572519083969466 0.0006939625260235947 0.44205412907702984 0.0 1441
000000000100000101101010 0.9783900594273366 0.017828200972447326 0.0032414910858995136 0.0005402485143165856 1851
000010000000000000000010 0.84609375 0.1484375 0.00390625 0.0015625 1280
000000010000000100010000 0.5514433752775721 0.0007401924500370096 0.44707623982235384 0.0007401924500370096 1351
000000001000000000100000 0.8108776266996292 0.17799752781211373 0.005562422744128554 0.005562422744128554 1618
100000000000000000001100 0.4667114996637525 0.12575655682582382 0.34633490248823134 0.06119704102219233 1487
000000010000000001000000 0.9163319946452476 0.0 0.08366800535475234 0.0 1494
100000000000000000000100 0.4651773981603154 0.1202365308804205 0.34625492772667543 0.0683311432325887 1522
000000000001000100010000 0.5642105263157895 0.0007017543859649122 0.4343859649122807 0.0007017543859649122 1425
001000000000000000110000 0.43582306018854244 0.12907904278462654 0.36185641769398114 0.07324147933284988 1379
000000100000000000000001 0.525963149078727 0.006700167504187605 0.46454494695700727 0.0027917364600781687 1791
001000000000000000010000 0.4360730593607306 0.1598173515981735 0.3356164383561644 0.0684931506849315 1314
000000010000000000001000 0.6920614596670934 0.21959026888604352 0.08130601792573623 0.007042253521126761 1562
000010000000000000101000 0.8104575163398693 0.17973856209150327 0.008169934640522876 0.0016339869281045752 1224
000000000100010000001000 0.7160056657223796 0.23158640226628896 0.04815864022662889 0.00424929178470255 1412
001000000000000000100001 0.5287804878048781 0.011707317073170732 0.4497560975609756 0.00975609756097561 1025
000000000100000001000000 0.9195323246217332 0.0 0.07977991746905089 0.000687757909215956 1454
000000010000000100100000 0.8271103896103896 0.1112012987012987 0.05438311688311688 0.007305194805194805 1232
000000000001000000000001 0.5358680057388809 0.0014347202295552368 0.46269727403156385 0.0 1394
000000010000000100000010 0.947992700729927 0.024635036496350366 0.02281021897810219 0.004562043795620438 1096
000000010000000000000100 0.5277582572030921 0.0014054813773717498 0.4701335207308503 0.0007027406886858749 1423
000010000000000100001000 0.8132530120481928 0.05271084337349398 0.1272590361445783 0.00677710843373494 1328
000010000000000000001001 0.5256723716381418 0.014669926650366748 0.4547677261613692 0.004889975550122249 1227
000000000010000000101000 0.4306282722513089 0.556282722513089 0.003926701570680628 0.009162303664921465 764
001000000000000000101000 0.7097004279600571 0.2845934379457917 0.0042796005706134095 0.0014265335235378032 1402
000000010000000100000100 0.5688010899182562 0.0013623978201634877 0.4298365122615804 0.0 1468
000000010000000100001000 0.6939151813153043 0.22188076213890595 0.07990165949600492 0.0043023970497848806 1627
100000000000010000001000 0.8454861111111112 0.057291666666666664 0.0954861111111111 0.001736111111111111 1152
000010000000000000000001 0.5553633217993079 0.01384083044982699 0.42387543252595156 0.006920415224913495 1156
000010000000000000100000 0.7748493975903614 0.21536144578313254 0.007530120481927711 0.002259036144578313 1328
100000000000000000001010 0.9524697110904008 0.04100652376514446 0.004659832246039142 0.001863932898415657 1073
000000000001000100000100 0.5687047994740303 0.0006574621959237344 0.4286653517422748 0.0019723865877712033 1521
000001000000001000000000 0.9803220035778175 0.01520572450805009 0.004472271914132379 0.0 1118
010000000000001000000000 0.959731543624161 0.03547459252157239 0.004793863854266539 0.0 1043
000100000000000010001000 0.03553299492385787 0.9532994923857868 0.005076142131979695 0.006091370558375634 985
000000000100000000000010 0.9215167548500882 0.05555555555555555 0.019400352733686066 0.003527336860670194 1134
000000001000000000000010 0.8760490639122014 0.1078114912846998 0.005164622336991607 0.010974822466107165 1549
010000000000100000000000 0.982363315696649 0.014109347442680775 0.0026455026455026454 0.0008818342151675485 1134
000000010000000100000001 0.552689756816507 0.0029476787030213707 0.44288872512896094 0.0014738393515106854 1357
000001000000100000000000 0.978448275862069 0.019827586206896553 0.0017241379310344827 0.0 1160
000010000000000000010000 0.5642276422764227 0.011382113821138212 0.416260162601626 0.008130081300813009 1230
000000000100010000000001 0.5401521555367709 0.0008453085376162299 0.45900253592561285 0.0 1183
000010000000000100000000 0.7845821325648416 0.0670028818443804 0.14769452449567724 0.0007204610951008645 1388
010000000000000000001100 0.5072463768115942 0.16538789428815004 0.24467178175618073 0.08269394714407502 1173
001000000000000000000010 0.8968481375358166 0.09742120343839542 0.004775549188156638 0.0009551098376313276 1047
001000000000000001000000 0.9313824419778002 0.009081735620585268 0.056508577194752774 0.0030272452068617556 991
000000000100010000000010 0.958041958041958 0.026973026973026972 0.01098901098901099 0.003996003996003996 1001
000000000100010001000000 0.9628591450595655 0.0 0.03714085494043448 0.0 1427
000001000000001000100000 0.017528483786152498 0.9798422436459246 0.0 0.0026292725679228747 1141
000000000001000000100000 0.8340643274853801 0.14108187134502925 0.019005847953216373 0.005847953216374269 1368
001000000000010000000000 0.8452797202797203 0.08041958041958042 0.07342657342657342 0.0008741258741258741 1144
000000010000000000000001 0.5397178916109874 0.0022271714922048997 0.4573125463994061 0.0007423904974016332 1347
000000000100010000010000 0.5542359461599367 0.001583531274742676 0.442596991290578 0.001583531274742676 1263
100000000000000000001001 0.5134907251264755 0.00927487352445194 0.4688026981450253 0.008431703204047217 1186
001000000000000000100010 0.9238187078109933 0.06557377049180328 0.0028929604628736743 0.007714561234329798 1037
000001000000000010000000 0.9728464419475655 0.024344569288389514 0.0018726591760299626 0.0009363295880149813 1068
100000000000000001001000 0.950143815915628 0.019175455417066157 0.02109300095877277 0.009587727708533078 1043
001000000000000001100000 0.959718026183283 0.013091641490433032 0.026183282980866064 0.0010070493454179255 993
010000000000000000110000 0.5802469135802469 0.10446343779677113 0.3067426400759734 0.008547008547008548 1053
001000000000000000000001 0.5179924242424242 0.017992424242424244 0.45738636363636365 0.006628787878787879 1056
000001000000000000110000 0.5672981056829511 0.10468594217347957 0.3240279162512463 0.003988035892323031 1003
001000000000010000100000 0.8239795918367347 0.06547619047619048 0.10884353741496598 0.0017006802721088435 1176
000000000100010000100000 0.800513698630137 0.1095890410958904 0.08561643835616438 0.004280821917808219 1168
000000000001000100000001 0.5175125089349535 0.0 0.48248749106504646 0.0 1399
000000000100110000000000 0.7688603531300161 0.011235955056179775 0.2102728731942215 0.009630818619582664 623
000010000000010000001000 0.9397810218978102 0.013686131386861315 0.043795620437956206 0.002737226277372263 1096
000000001000000000001100 0.5177914110429448 0.11288343558282209 0.2773006134969325 0.09202453987730061 815
001000000000000000100100 0.553860819828408 0.015252621544327931 0.4270734032411821 0.0038131553860819827 1049
000100000000001000000000 0.9814298978644382 0.013927576601671309 0.003714020427112349 0.0009285051067780873 1077
000000100000000000000010 0.8661365142478462 0.1172962226640159 0.005964214711729622 0.010603048376408217 1509
000000000010000000001100 0.5028089887640449 0.17275280898876405 0.24297752808988765 0.08146067415730338 712
000001000000000010001000 0.020128087831655993 0.9752973467520586 0.0 0.004574565416285453 1093
001000000000000000000100 0.5487804878048781 0.013066202090592335 0.43118466898954705 0.006968641114982578 1148
000001000000000000000011 0.6078234704112337 0.012036108324974924 0.3781344032096289 0.0020060180541624875 997
000001000000000000001100 0.4904880066170389 0.18941273779983459 0.23490488006617039 0.08519437551695616 1209
001000000000001000000000 0.9775784753363229 0.016442451420029897 0.005979073243647235 0.0 669
100000000000000000000001 0.5502145922746781 0.00944206008583691 0.43433476394849785 0.006008583690987125 1165
000000000100000000010000 0.565284178187404 0.0007680491551459293 0.43164362519201227 0.002304147465437788 1302
010000000000100000001000 0.015384615384615385 0.9826923076923076 0.0009615384615384616 0.0009615384615384616 1040
000000010000000000000010 0.9375 0.04401408450704225 0.014964788732394365 0.0035211267605633804 1136
000000001000100000001000 0.11442786069651742 0.8772802653399668 0.001658374792703151 0.006633499170812604 603
000000000001001000100000 0.01804511278195489 0.7714285714285715 0.009022556390977444 0.20150375939849624 665
000100000000000000110000 0.5832438238453276 0.09237379162191192 0.3125671321160043 0.011815252416756176 931
000000100000100000001000 0.03284072249589491 0.9622331691297209 0.0 0.0049261083743842365 609
