0000000000000000 0.9998398778551201 1.917402369299823e-05 0.0001338372249829148 7.110896204025834e-06 7875238
0001000000000000 0.9997884703098249 4.627211972580464e-05 0.0001520369648133581 1.3220605635944182e-05 151279
0010000000000000 0.9998686514886165 2.1891418563922943e-05 9.486281377699941e-05 1.4594279042615294e-05 137040
1000000000000000 0.9997837771050844 6.177796997590659e-05 0.0001544449249397665 0.0 129496
0000000100000000 0.9997203398945896 2.1512315800795955e-05 0.0002581477896095515 0.0 92970
0000001000000000 0.9996396082914948 6.213650146642144e-05 0.0002858279067455386 1.2427300293284288e-05 80468
0000010000000000 0.995773842032717 3.901068892876648e-05 0.004187147278354269 0.0 76902
0000100000000000 0.999597412705655 0.00012077618830349714 0.000268391529563327 1.3419576478166349e-05 74518
0000010000110000 0.9971460304517145 2.8117926584093688e-05 0.002797733695117322 2.8117926584093688e-05 71129
0100000000000000 0.9948735744593593 0.004842500433774469 0.0002681514898181302 1.5773617048125306e-05 63397
0100000000000011 0.9965778321541926 0.003156196251573665 0.00023050871500257105 3.5462879231164776e-05 56397
0101000000000011 0.9955202150296786 0.004311793033934371 0.0001679919363870534 0.0 17858
1010000000000000 0.9993261042700484 0.0004901059854193469 0.0001837897445322551 0.0 16323
0000010100110000 0.9948137372715198 0.0001264942128897603 0.004996521409145532 6.324710644488014e-05 15811
0101000000000000 0.9948401570386988 0.004935501962983735 0.0002243409983174425 0.0 17830
0000010100000000 0.9931616284271746 0.00012782002939860676 0.006710551543426855 0.0 15647
0011000000000000 0.9997251048037935 0.0002061713971548347 6.872379905161158e-05 0.0 14551
0000101000000000 0.998734554116421 0.000595503945213637 0.0005210659520619325 0.00014887598630340925 13434
0100000000000001 0.9140190910386095 0.08491238068100869 0.0007835874056133352 0.00028494087476848553 14038
0000010000010000 0.8720240223064274 0.0007864445556588261 0.12718953313791379 0.0 13987
0000001100000000 0.9994831596175381 8.614006374364717e-05 0.00043070031871823584 0.0 11609
0110000000000000 0.9859116524268314 0.013724777313215778 0.0002726776949645519 9.089256498818396e-05 11002
0000010010110000 0.8486106991001681 0.00019776525264511026 0.1511915356471868 0.0 10113
0000011000000000 0.982646420824295 0.0 0.01735357917570499 0.0 9681
0100000000001011 0.9118988785402015 0.08667553697015777 0.0006652727618323513 0.0007603117278084015 10522
1100000000000000 0.9834128878281623 0.016109785202863963 0.00023866348448687351 0.00023866348448687351 8380
0000010000100000 0.7776121425667435 0.0002710394362379726 0.22211681799701857 0.0 7379
0110000000000011 0.9985589047676234 0.001321003963011889 0.00012009126936471719 0.0 8327
0000101100001011 0.9978070175438597 0.0015664160401002505 0.0006265664160401002 0.0 6384
0110000000000001 0.9727687296416938 0.026710097719869708 0.000521172638436482 0.0 7675
1100000000000001 0.9803768680961663 0.019103313840155945 0.0003898635477582846 0.0001299545159194282 7695
0000110000010000 0.9757097312889024 0.0007590708972218005 0.023531197813875818 0.0 6587
1110000000000000 0.9807845216008482 0.01855287569573284 0.0006626027034190299 0.0 7546
0000111000010000 0.9755045447542752 0.0009243568017254661 0.023571098443999385 0.0 6491
0111000000000000 0.9971480425200934 0.002851957479906663 0.0 0.0 7714
0100000000000010 0.8484586574474214 0.149812734082397 0.0010083549409392106 0.0007202535292422932 6942
0000011000110000 0.9983715565205591 0.0 0.001628443479440901 0.0 7369
0000000100000001 0.9780025690430315 0.02167630057803468 0.0003211303789338471 0.0 6228
0000011000010000 0.9675959713910378 0.00029192818566632606 0.03211210042329587 0.0 6851
0111000000000011 0.9990817263544536 0.0006559097468188378 0.0002623638987275351 0.0 7623
0000111000000000 0.9793905490946563 0.00014721036360959813 0.02046224054173414 0.0 6793
0000110000000000 0.9785978872273289 0.0 0.021402112772671147 0.0 7289
0000011100110000 0.9995492788461539 0.0 0.00045072115384615387 0.0 6656
0000100000001000 0.9527801539777587 0.04448246364414029 0.0022241231822070144 0.0005132591958939265 5845
0000001000000010 0.9821984099550639 0.017110266159695818 0.000691323885240235 0.0 5786
0000011100000000 0.9980585424133811 0.0 0.001941457586618877 0.0 6696
1110000000000001 0.9801779935275081 0.019282632146709815 0.0004045307443365696 0.00013484358144552318 7416
0001000000010000 0.9930046067224023 0.0003412386964681795 0.0066541545811295 0.0 5861
0101000000001011 0.9450038729666925 0.0540278853601859 0.0003872966692486445 0.0005809450038729666 5164
0001000000000001 0.9729833301398736 0.024334163632879862 0.0019160758766047135 0.0007664303506418854 5219
0000100100001001 0.9976463204142476 0.0017260316962184215 0.0006276478895339715 0.0 6373
0000010110110000 0.9331326596430876 0.00021500752526338422 0.06643732530638573 0.00021500752526338422 4651
1000000010000000 0.9539732494099135 0.0003933910306845004 0.045633359559402044 0.0 5084
0001000000000100 0.885719867161555 0.0007814026176987692 0.11349873022074623 0.0 5119
1110000010110000 0.9979274611398964 0.0002072538860103627 0.0008290155440414508 0.0010362694300518134 4825
0101000000000010 0.9462763986661726 0.05298258614301593 0.0001852537977028529 0.0005557613931085587 5398
1000000010010000 0.9862275449101796 0.0003992015968063872 0.013373253493013972 0.0 5010
0010000000100000 0.9919416730621642 0.0003837298541826554 0.0072908672294704525 0.0003837298541826554 5212
1010000010110000 0.9869457107335268 0.0004144218814753419 0.012639867384997928 0.0 4826
1000000010011001 0.9977445150707402 0.001025220422390814 0.0002050440844781628 0.001025220422390814 4877
0100000000001001 0.9216105469445929 0.07500445394619633 0.002137894174238375 0.0012471049349723855 5613
0000010010010000 0.9126506024096386 0.0014056224899598394 0.0859437751004016 0.0 4980
1100000000001001 0.9921655283246283 0.007633587786259542 0.0 0.0002008838891120932 4978
1000000000001000 0.9382273948075202 0.059310653536257835 0.001566696508504924 0.0008952551477170994 4468
1110000000001011 0.9929416649366826 0.006227942702927133 0.00020759809009757111 0.0006227942702927133 4817
1010000010111011 0.9979061976549414 0.0004187604690117253 0.00020938023450586265 0.0014656616415410384 4776
0000010100100000 0.9321618308132407 0.0002043318348998774 0.06742950551695955 0.0002043318348998774 4894
0000001100000011 0.9933958244567533 0.005965061780997018 0.0006391137622496804 0.0 4694
0000100010011001 0.996 0.00023529411764705883 0.001176470588235294 0.0025882352941176473 4250
1110000010111011 0.9862956810631229 0.0004152823920265781 0.01287375415282392 0.0004152823920265781 4816
0000101010111011 0.9957696827262045 0.0009400705052878966 0.0007050528789659225 0.0025851938895417154 4255
0000000100010001 0.9922656960873522 0.0006824385805277526 0.0015923566878980893 0.00545950864422202 4396
0000101110111011 0.9978768577494692 0.0 0.0 0.0021231422505307855 4239
0000101010101010 0.9927230046948357 0.0009389671361502347 0.0011737089201877935 0.005164319248826291 4260
0000101000001010 0.9665687824711995 0.030946464874632935 0.00225886604924328 0.00022588660492432798 4427
0000001000100010 0.9932840832773674 0.00044772778150884264 0.000671591672263264 0.005596597268860533 4467
0000111000001011 0.9962210675484175 0.0014170996693434106 0.0014170996693434106 0.000944733112895607 4234
0000110010010000 0.9930313588850174 0.0018583042973286876 0.004645760743321719 0.0004645760743321719 4305
0000000100010000 0.9725490196078431 0.0 0.027450980392156862 0.0 4335
0000111010111011 0.986391365556077 0.01008916001877053 0.00328484279680901 0.0002346316283435007 4262
0000101000001011 0.9820942883046238 0.01654578422484134 0.0011332728921124207 0.00022665457842248413 4412
0010000000000100 0.8784085829235584 0.000894054537326777 0.12047384890478319 0.00022351363433169424 4474
0000001100110011 0.9957386363636364 0.0 0.00023674242424242425 0.004024621212121212 4224
0000100110011001 0.9962317475270843 0.0 0.0009420631182289214 0.002826189354686764 4246
0000010000110001 0.9807310852932842 0.01615188438651176 0.0025502975347123833 0.0005667327854916407 3529
0000100000001001 0.9773232547799022 0.021120497999110716 0.0015562472209871053 0.0 4498
0010000000000010 0.9865771812080537 0.012304250559284116 0.0006711409395973154 0.00044742729306487697 4470
0000001000100000 0.9867211440245148 0.0002553626149131767 0.012768130745658836 0.0002553626149131767 3916
1000000000000100 0.8763855421686747 0.0016867469879518072 0.12120481927710844 0.0007228915662650603 4150
0100000000010011 0.9788806758183738 0.0007919746568109821 0.01874340021119324 0.0015839493136219642 3788
0000100010001000 0.9894263217097863 0.0006749156355455568 0.0024746906636670418 0.007424071991001125 4445
0000111010110000 0.9931344696969697 0.0004734848484848485 0.006392045454545455 0.0 4224
0100000000100011 0.9809392265193371 0.0013812154696132596 0.017403314917127072 0.00027624309392265195 3620
1000000000100000 0.9858797972483707 0.0 0.014120202751629254 0.0 2762
0101000000010011 0.9965168930686172 0.0010449320794148381 0.0020898641588296763 0.00034831069313827936 2871
0000100010000000 0.9634578674665939 0.0019089173711480775 0.03408781019907281 0.000545404963185165 3667
0000010000010010 0.9704118352658937 0.01599360255897641 0.010795681727309077 0.0027988804478208716 2501
0001000000010001 0.9913273001508296 0.0030165912518853697 0.003393665158371041 0.0022624434389140274 2652
0000000100000100 0.8714099216710183 0.0009791122715404699 0.1272845953002611 0.00032637075718015666 3064
0000000110010000 0.9622721492157694 0.0 0.037727850784230604 0.0 2359
0100000010000001 0.9636633296255098 0.010011123470522803 0.021876158694846125 0.004449388209121246 2697
0111000000110011 0.9979053204859657 0.00041893590280687055 0.0016757436112274822 0.0 2387
1110000010100001 0.9910496338486574 0.0016273393002441008 0.004882017900732303 0.0024410089503661514 2458
0000001000000100 0.881883782757311 0.0 0.11811621724268895 0.0 2633
0001000000001000 0.8495575221238938 0.14659484417083493 0.0026933435936898806 0.0011542901115813775 2599
0000010000110010 0.9811094452773613 0.014992503748125937 0.002098950524737631 0.0017991004497751124 3335
1011000010110000 0.9958982772764561 0.0008203445447087777 0.003281378178835111 0.0 2438
0000100010010000 0.975 0.0004310344827586207 0.02456896551724138 0.0 2320
0100000010010000 0.9684126349460216 0.001599360255897641 0.029188324670131948 0.0007996801279488205 2501
0001000000001001 0.9591467823571945 0.03796095444685466 0.0021691973969631237 0.0007230657989877079 2766
0001000000100000 0.9865168539325843 0.00032102728731942215 0.013162118780096307 0.0 3115
0001000000001011 0.9725789656369316 0.02464422075668171 0.0013884068031933356 0.0013884068031933356 2881
1000000000010000 0.9511877643996095 0.0003254149040026033 0.04783599088838269 0.0006508298080052066 3073
0000111000011010 0.9843971631205674 0.009929078014184398 0.0018912529550827422 0.0037825059101654845 2115
0000010000000100 0.8882211538461539 0.002003205128205128 0.109375 0.00040064102564102563 2496
0100000010111011 0.9770114942528736 0.0012315270935960591 0.01929392446633826 0.0024630541871921183 2436
0011000000000011 0.9951219512195122 0.0040650406504065045 0.0008130081300813008 0.0 2460
0100000000110000 0.9662337662337662 0.001484230055658627 0.02857142857142857 0.0037105751391465678 2695
0001000010000000 0.9510151466322914 0.0003222687721559781 0.048340315823396714 0.0003222687721559781 3103
1100000010001001 0.971187091817134 0.003073376872839032 0.024587014982712256 0.001152516327314637 2603
1001000010010000 0.997140522875817 0.0 0.002042483660130719 0.0008169934640522876 2448
0000010100110001 0.9914634146341463 0.005284552845528455 0.0032520325203252032 0.0 2460
1100000010000001 0.9916033586565374 0.0023990403838464614 0.003598560575769692 0.0023990403838464614 2501
0010000000010000 0.9890955740859525 0.00032071840923669016 0.010583707504810776 0.0 3118
1100000010010000 0.979632587859425 0.01597444089456869 0.001996805111821086 0.0023961661341853034 2504
0000010000001011 0.9620749782040104 0.02833478639930253 0.005666957279860506 0.003923278116826504 2294
0011000000110000 0.9962702030667219 0.0 0.0037297969332780773 0.0 2413
0000010000100001 0.9791753436068305 0.001665972511453561 0.01624323198667222 0.0029154518950437317 2401
0010000000100010 0.9940007499062617 0.0011248593925759281 0.0011248593925759281 0.0037495313085864268 2667
0011000000110011 0.9979372937293729 0.00041254125412541255 0.0 0.0016501650165016502 2424
0000010010111011 0.9750807568066451 0.016151361329026302 0.0046146746654360865 0.004153207198892478 2167
1101000010010010 0.9974348011970928 0.0008550662676357417 0.0017101325352714834 0.0 2339
0100000000110011 0.9522566206639314 0.0003729951510630362 0.04401342782543827 0.0033569563595673255 2681
0000010010011001 0.9738385205232296 0.01849345963013081 0.0036084799278304014 0.0040595399188092015 2217
0100000010101011 0.9482690011937923 0.002785515320334262 0.04456824512534819 0.004377238360525269 2513
0110000000100011 0.9984738649370469 0.00038153376573826786 0.0 0.0011446012972148034 2621
0100000010001001 0.9559585492227979 0.0044411547002220575 0.035159141376757956 0.0044411547002220575 2702
0111000000110000 0.9958350687213661 0.0 0.0024989587671803417 0.001665972511453561 2401
0110000000100001 0.9952172180151455 0.0015942606616181746 0.0019928258270227183 0.0011956954962136308 2509
0010000010000000 0.9561184445237246 0.0 0.04388155547627542 0.0 2803
1111000010111011 0.9979330301777594 0.0 0.0016535758577924762 0.00041339396444811904 2419
0100000010011001 0.9744629104175111 0.0008107012565869477 0.02229428455614106 0.0024321037697608433 2467
1100000010011011 0.9820627802690582 0.013860578883000407 0.0028536485935589076 0.0012229922543823889 2453
1000000000000001 0.9271806853582555 0.06658878504672897 0.003894080996884735 0.002336448598130841 2568
0100000000000100 0.8524385160483535 0.03834931221342226 0.09795748228428512 0.011254689453939141 2399
0000010100100001 0.992284612087441 0.0017145306472353193 0.0042863266180882984 0.0017145306472353193 2333
1100000010010010 0.9835526315789473 0.013569078947368422 0.002055921052631579 0.0008223684210526315 2432
0000101010110000 0.9771505376344086 0.00044802867383512545 0.022401433691756272 0.0 2232
0000110000101001 0.9698492462311558 0.0009136592051164915 0.025582457743261764 0.003654636820465966 2189
0000010000110011 0.9605792437650845 0.03378921962992759 0.002413515687851971 0.003218020917135961 2486
1011000010111011 0.9975470155355682 0.0008176614881439084 0.0008176614881439084 0.0008176614881439084 2446
1010000010100000 0.953858717844018 0.002449979583503471 0.043691302572478566 0.0 2449
1110000010101011 0.9481907894736842 0.001644736842105263 0.04851973684210526 0.001644736842105263 2432
0100000000010010 0.9829059829059829 0.009712509712509712 0.003885003885003885 0.0034965034965034965 2574
0000110010011000 0.9735243055555556 0.019965277777777776 0.00390625 0.0026041666666666665 2304
1000000000001001 0.9745762711864406 0.021370670596904937 0.002579218865143699 0.0014738393515106854 2714
1001000000000000 0.9989528795811519 0.0006980802792321117 0.00034904013961605586 0.0 2865
0000111100001011 0.9959128065395095 0.0009082652134423251 0.002270663033605813 0.0009082652134423251 2202
0001000000000010 0.9499599679743795 0.044435548438751 0.003602882305844676 0.0020016012810248197 2498
0100000010110000 0.9586206896551724 0.0016227180527383367 0.03894523326572008 0.0008113590263691683 2465
0100000000000111 0.8623124448367167 0.016328331862312445 0.11032656663724624 0.011032656663724626 2266
1000000010001000 0.9898318341806804 0.001564333202972233 0.0019554165037152915 0.00664841611263199 2557
0000001100110000 0.9948827292110874 0.0008528784648187633 0.0042643923240938165 0.0 2345
0000010000011000 0.9573145462080398 0.024865312888520515 0.01326150020721094 0.0045586406962287605 2413
0000011100000011 0.9963082602676512 0.0009229349330872173 0.0009229349330872173 0.0018458698661744347 2167
1000000000000010 0.9653882132834425 0.029934518241347054 0.0023386342376052385 0.0023386342376052385 2138
0000000110110000 0.97165991902834 0.0 0.02834008097165992 0.0 2223
1001000010011001 0.9971694298422968 0.0 0.0004043671653861706 0.002426202992317024 2473
1010000000001011 0.9795584627964022 0.017988552739165987 0.0024529844644317253 0.0 2446
0000010000011010 0.9553097345132744 0.035398230088495575 0.00663716814159292 0.002654867256637168 2260
1111000010110000 0.9961864406779661 0.00211864406779661 0.001271186440677966 0.000423728813559322 2360
0000100000000100 0.8853786958282706 0.0028351559335763467 0.11138112596192791 0.0004050222762251924 2469
1010000010101010 0.9905172413793103 0.0017241379310344827 0.0008620689655172414 0.006896551724137931 2320
0000010000110100 0.8837505303351718 0.0 0.11540093338990241 0.0008485362749257531 2357
0000010010000000 0.8292811839323467 0.0005285412262156448 0.169661733615222 0.0005285412262156448 1892
0010000000001000 0.8827952233524989 0.11101282618310482 0.004422821760283061 0.0017691287041132243 2261
0000110010111001 0.9713361072584373 0.0009246417013407304 0.026814609338881183 0.0009246417013407304 2163
0000111010111010 0.9475539885412075 0.04671661524900837 0.003085059497576025 0.002644336712208021 2269
0000000110000000 0.9063893016344725 0.0004952947003467063 0.09311540366518078 0.0 2019
0100000010100001 0.9580074104569781 0.002881844380403458 0.037463976945244955 0.0016467682173734047 2429
0000010000000011 0.9731678013616339 0.020024028834601523 0.0024028834601521826 0.004405286343612335 2497
0000011000110010 0.9943917169974116 0.0021570319240724763 0.0008628127696289905 0.0025884383088869713 2318
0000000100100000 0.9445234708392604 0.000948316737790422 0.054528212422949265 0.0 2109
0100000000010000 0.8933177022274326 0.03399765533411489 0.070926143024619 0.0017584994138335288 1706
0000101010100000 0.9652135623073536 0.002201673271686482 0.03258476442095993 0.0 2271
0000110010011001 0.952063914780293 0.02663115845539281 0.019529516200621395 0.001775410563692854 2253
0000110110111001 0.9952198852772467 0.0033460803059273425 0.0014340344168260039 0.0 2092
0010000000000001 0.9426877470355731 0.052964426877470355 0.002766798418972332 0.0015810276679841897 2530
0000110000011000 0.9860297431275349 0.00946372239747634 0.0018026137899954935 0.0027039206849932404 2219
0101000000010010 0.9952456418383518 0.002377179080824089 0.0003961965134706815 0.0019809825673534074 2524
0000111110111011 0.9977127172918573 0.0013723696248856359 0.0 0.0009149130832570906 2186
1100000010011001 0.9552414605418139 0.018060463290145268 0.023949744797801334 0.0027483313702394976 2547
1101000010011011 0.9975278121137207 0.0012360939431396785 0.0008240626287597857 0.00041203131437989287 2427
0000100000010000 0.9185423365487674 0.0 0.08092175777063237 0.0005359056806002144 1866
0000001010000000 0.9418672930123312 0.0 0.057545507927187316 0.0005871990604815032 1703
1010000000001010 0.9650793650793651 0.034126984126984124 0.0007936507936507937 0.0 2520
0000110000001001 0.9701559020044543 0.0035634743875278397 0.023608017817371936 0.0026726057906458797 2245
0000010000001001 0.9750423011844331 0.01903553299492386 0.00338409475465313 0.0025380710659898475 2364
0000011000010010 0.9915593069746779 0.003998223011994669 0.0026654820079964462 0.001776988005330964 2251
0100000000100001 0.9643361581920904 0.007062146892655367 0.023305084745762712 0.005296610169491525 2832
0000001000010000 0.9435483870967742 0.0 0.056451612903225805 0.0 1984
0000011100110011 0.9949817518248175 0.004562043795620438 0.0 0.0004562043795620438 2192
0000110100101001 0.9941804073714839 0.0019398642095053346 0.0024248302618816685 0.001454898157129001 2062
0000010010111010 0.9636934110264456 0.025549081129538322 0.006723442402510085 0.004034065441506051 2231
0000010000000001 0.9098684210526315 0.05526315789473684 0.03355263157894737 0.0013157894736842105 1520
0001000001000011 0.99644128113879 0.0028469750889679717 0.0007117437722419929 0.0 1405
0001000001000000 0.985958485958486 0.009768009768009768 0.0030525030525030525 0.001221001221001221 1638
0000010000001000 0.8349159970781592 0.11614317019722425 0.04382761139517896 0.005113221329437546 1369
0000001000001000 0.8916913946587537 0.10385756676557864 0.001483679525222552 0.002967359050445104 1348
1100000000000011 0.9775641025641025 0.021634615384615384 0.0008012820512820513 0.0 1248
0000010000111000 0.8557614826752619 0.1168412570507655 0.020145044319097503 0.007252215954875101 1241
0000010010011000 0.9727985246657446 0.021668971876440755 0.004149377593360996 0.0013831258644536654 2169
0000100100000000 0.9968279143536876 0.0023790642347343376 0.0007930214115781126 0.0 1261
0000000100001000 0.8991060025542784 0.09642401021711366 0.002554278416347382 0.0019157088122605363 1566
0100000001000000 0.98586017282011 0.00864100549882168 0.0054988216810683424 0.0 1273
0000010001000011 0.9433962264150944 0.005549389567147614 0.049944506104328525 0.0011098779134295228 901
0000001000000001 0.9687074829931973 0.027210884353741496 0.0020408163265306124 0.0020408163265306124 1470
0001000000000101 0.8325082508250825 0.022277227722772276 0.1353135313531353 0.009900990099009901 1212
0000100000100000 0.9780545670225386 0.0 0.021945432977461446 0.0 1686
0000000100000010 0.9690860215053764 0.02486559139784946 0.002688172043010753 0.003360215053763441 1488
0010000001000000 0.9909217877094972 0.007681564245810056 0.0013966480446927375 0.0 1432
0100000010000000 0.8853601859024013 0.03640588690937258 0.07823392718822618 0.0 1291
0000110000110000 0.971830985915493 0.0 0.028169014084507043 0.0 1065
0000010000000010 0.9021084337349398 0.053463855421686746 0.04292168674698795 0.0015060240963855422 1328
0000100000000010 0.9598715890850722 0.0377207062600321 0.0008025682182985554 0.0016051364365971107 1246
0000100000000001 0.9355524079320113 0.058781869688385266 0.0035410764872521247 0.002124645892351275 1412
0010000001000011 0.9947683109118086 0.004484304932735426 0.0 0.0007473841554559044 1338
1000000000001010 0.6886409736308317 0.29107505070993916 0.012170385395537525 0.008113590263691683 986
0001000000001010 0.674901185770751 0.3142292490118577 0.007905138339920948 0.0029644268774703555 1012
0100000000000101 0.46569468267581476 0.33962264150943394 0.1269296740994854 0.06775300171526587 1166
0000001001000000 0.9754098360655737 0.01873536299765808 0.00468384074941452 0.00117096018735363 854
0100000001000011 0.978891820580475 0.021108179419525065 0.0 0.0 1137
1000000001000000 0.9916855631141346 0.006046863189720333 0.0022675736961451248 0.0 1323
1000000001000011 0.990924092409241 0.007425742574257425 0.0 0.0016501650165016502 1212
0100000000000110 0.5340793489318413 0.2787385554425229 0.10274669379450661 0.0844354018311292 983
0000010001000000 0.9497435897435897 0.008205128205128205 0.03487179487179487 0.0071794871794871795 975
0010000000001010 0.7351738241308794 0.25153374233128833 0.007157464212678937 0.006134969325153374 978
0100000000100000 0.9055007052186178 0.04372355430183357 0.05007052186177715 0.0007052186177715092 1418
0000001001000011 0.9923761118170267 0.0063532401524777635 0.0012706480304955528 0.0 787
0010000000000101 0.8221993833504625 0.02158273381294964 0.14799588900308325 0.008221993833504625 973
1000000000000101 0.8243375858684985 0.023552502453385672 0.14425907752698724 0.007850834151128557 1019
0000000101000000 0.9757575757575757 0.022222222222222223 0.00202020202020202 0.0 990
0000011000100000 0.5010060362173038 0.002012072434607646 0.4969818913480885 0.0 497
0100000000001000 0.7413411938098747 0.2527634487840825 0.0036845983787767134 0.002210759027266028 1357
0000000100000101 0.8492159227985525 0.009650180940892641 0.13872135102533173 0.0024125452352231603 829
0101000000000001 0.6043243243243244 0.3935135135135135 0.0 0.002162162162162162 925
1000000000001100 0.48 0.22375 0.215 0.08125 800
0000100000001010 0.6582064297800339 0.3333333333333333 0.008460236886632826 0.0 591
0000000100110000 0.8460559796437659 0.0 0.15139949109414758 0.002544529262086514 786
0000001000001010 0.6881889763779527 0.2929133858267717 0.006299212598425197 0.012598425196850394 635
0000000100001110 0.4362549800796813 0.25298804780876494 0.30278884462151395 0.00796812749003984 502
0101000000000100 0.84992784992785 0.030303030303030304 0.10966810966810966 0.010101010101010102 693
0010000000001100 0.4444444444444444 0.22853535353535354 0.24242424242424243 0.0845959595959596 792
0000100001000000 0.9923371647509579 0.0038314176245210726 0.0038314176245210726 0.0 783
0001000000001110 0.42962962962962964 0.30246913580246915 0.25925925925925924 0.008641975308641974 810
0100000010000011 0.9053941908713693 0.029045643153526972 0.06390041493775933 0.0016597510373443983 1205
0000010000110101 0.8377926421404682 0.03177257525083612 0.12040133779264214 0.010033444816053512 598
0010000000001110 0.4305555555555556 0.2708333333333333 0.2861111111111111 0.0125 720
1010000000000100 0.8878842676311031 0.0 0.11030741410488246 0.0018083182640144665 553
0000101000000100 0.852760736196319 0.00408997955010225 0.1411042944785276 0.002044989775051125 489
0000011100010000 0.5887850467289719 0.0 0.411214953271028 0.0 428
0101000010000000 0.9421965317919075 0.014450867052023121 0.04046242774566474 0.002890173410404624 346
0100000000001111 0.5520304568527918 0.22715736040609136 0.10532994923857868 0.11548223350253807 788
0000010000010100 0.7885375494071146 0.01383399209486166 0.1976284584980237 0.0 506
0000000101000011 0.9907300115874855 0.0034762456546929316 0.004634994206257242 0.0011587485515643105 863
0000111000110000 0.8113590263691683 0.002028397565922921 0.18661257606490872 0.0 493
1000000000000011 0.9317147192716236 0.0637329286798179 0.0030349013657056147 0.0015174506828528073 659
0101000000000111 0.8614130434782609 0.010869565217391304 0.11413043478260869 0.01358695652173913 736
0100000000001100 0.3367983367983368 0.3783783783783784 0.22245322245322247 0.062370062370062374 481
0000100010001001 0.29770992366412213 0.2366412213740458 0.4631043256997455 0.002544529262086514 393
0001000000000110 0.6480519480519481 0.05584415584415584 0.2844155844155844 0.011688311688311689 770
0001000000000011 0.8956289027653881 0.1008028545941124 0.001784121320249777 0.001784121320249777 1121
1011000000000000 0.9968503937007874 0.0015748031496062992 0.0015748031496062992 0.0 635
0001000000001100 0.4268867924528302 0.2429245283018868 0.2606132075471698 0.0695754716981132 848
0000010000110110 0.6822429906542056 0.07242990654205607 0.2336448598130841 0.011682242990654205 428
0000010000000111 0.8950437317784257 0.03206997084548105 0.043731778425655975 0.029154518950437316 343
1000000010100000 0.7536704730831973 0.0 0.2463295269168026 0.0 613
0001000010010000 0.7733812949640287 0.0035971223021582736 0.22302158273381295 0.0 278
0000010000001110 0.3738095238095238 0.34285714285714286 0.2714285714285714 0.011904761904761904 420
1100000000001011 0.7623126338329764 0.2334047109207709 0.0021413276231263384 0.0021413276231263384 467
0000001000000011 0.7826961770623743 0.20925553319919518 0.004024144869215292 0.004024144869215292 497
0000010100110011 0.7864077669902912 0.1941747572815534 0.0048543689320388345 0.014563106796116505 206
1100000000000101 0.7134328358208956 0.16716417910447762 0.09253731343283582 0.026865671641791045 335
0000010100000001 0.8419753086419753 0.03209876543209877 0.12098765432098765 0.0049382716049382715 405
1110000000000101 0.6856368563685636 0.16260162601626016 0.12466124661246612 0.02710027100271003 369
0010000000001001 0.9254079254079254 0.06060606060606061 0.013986013986013986 0.0 429
0000100000110000 0.9322916666666666 0.0 0.06510416666666667 0.0026041666666666665 384
0001000010100000 0.773095623987034 0.0 0.22690437601296595 0.0 617
0010000000000011 0.9244391971664699 0.07083825265643448 0.0023612750885478157 0.0023612750885478157 847
0000000110100000 0.681912681912682 0.0 0.3180873180873181 0.0 481
0100000000001010 0.4585987261146497 0.5222929936305732 0.008917197452229299 0.01019108280254777 785
0010000000000110 0.746705710102489 0.029282576866764276 0.21376281112737922 0.010248901903367497 683
0000010001010000 0.525911708253359 0.01727447216890595 0.4510556621880998 0.005758157389635317 521
1000000001000001 0.07654320987654321 0.9209876543209876 0.0 0.0024691358024691358 405
0000010001010011 0.4872389791183295 0.016241299303944315 0.4965197215777262 0.0 431
1000000001010011 0.9671717171717171 0.012626262626262626 0.020202020202020204 0.0 396
0000100000001100 0.5269168026101142 0.22185970636215335 0.19086460032626426 0.06035889070146819 613
1010000000010000 0.9464285714285714 0.0 0.05102040816326531 0.002551020408163265 392
0000100001000011 0.9675141242937854 0.026836158192090395 0.002824858757062147 0.002824858757062147 708
0100000000010001 0.6617021276595745 0.24893617021276596 0.08085106382978724 0.00851063829787234 470
0000010100010000 0.56941431670282 0.0010845986984815619 0.42950108459869846 0.0 922
0000110010000000 0.5577557755775577 0.0 0.44224422442244227 0.0 303
0000010000000101 0.7927461139896373 0.037996545768566495 0.14853195164075994 0.02072538860103627 579
1010000010000000 0.8237704918032787 0.0020491803278688526 0.17418032786885246 0.0 488
0000010001110011 0.976629766297663 0.006150061500615006 0.01107011070110701 0.006150061500615006 813
0011000000100000 0.8481927710843373 0.0024096385542168677 0.1493975903614458 0.0 415
0000010000111010 0.6336805555555556 0.2586805555555556 0.0954861111111111 0.012152777777777778 576
0010000000000111 0.9344262295081968 0.03747072599531616 0.01405152224824356 0.01405152224824356 427
0000101100000000 0.9949238578680203 0.0 0.005076142131979695 0.0 394
0001000000110000 0.8835616438356164 0.0 0.11643835616438356 0.0 584
0100000000001101 0.4866220735785953 0.25418060200668896 0.12374581939799331 0.1354515050167224 598
1110000000010000 0.825 0.05 0.115 0.01 200
0001000010001001 0.44036697247706424 0.05963302752293578 0.4954128440366973 0.0045871559633027525 218
0000010001110000 0.9620111731843576 0.01452513966480447 0.0223463687150838 0.0011173184357541898 895
1000000000110000 0.9320388349514563 0.0 0.06796116504854369 0.0 412
0001000001010011 0.9740820734341252 0.004319654427645789 0.02159827213822894 0.0 463
0011000000000100 0.8621973929236499 0.0 0.13594040968342644 0.00186219739292365 537
0100000000001110 0.2894211576846307 0.4291417165668663 0.20359281437125748 0.07784431137724551 501
0000001000000110 0.7172675521821632 0.03984819734345351 0.23529411764705882 0.007590132827324478 527
0000000100001010 0.7369337979094077 0.25261324041811845 0.005226480836236934 0.005226480836236934 574
0010000001000001 0.07221006564551423 0.9190371991247265 0.0 0.0087527352297593 457
0111000000001011 0.5698924731182796 0.41935483870967744 0.010752688172043012 0.0 279
0000010010100000 0.4854111405835544 0.0 0.5145888594164456 0.0 754
1000000000001110 0.3990963855421687 0.30120481927710846 0.28313253012048195 0.016566265060240965 664
0000001000110000 0.8838028169014085 0.0 0.11443661971830986 0.0017605633802816902 568
0000010000001100 0.39243498817966904 0.24349881796690306 0.28132387706855794 0.08274231678486997 423
0000010010111000 0.36363636363636365 0.20170454545454544 0.42613636363636365 0.008522727272727272 352
0001000000000111 0.9001996007984032 0.05588822355289421 0.017964071856287425 0.02594810379241517 501
0101000000001001 0.599483204134367 0.38242894056847543 0.015503875968992248 0.002583979328165375 387
0000001000001110 0.4398148148148148 0.28935185185185186 0.24768518518518517 0.023148148148148147 432
0010000010100000 0.7311475409836066 0.0 0.26885245901639343 0.0 610
1010000000000010 0.8783185840707964 0.1172566371681416 0.004424778761061947 0.0 452
0000010010110010 0.5719844357976653 0.14785992217898833 0.26848249027237353 0.011673151750972763 257
0000001100000111 0.8534031413612565 0.020942408376963352 0.12041884816753927 0.005235602094240838 191
0000010010110100 0.7780898876404494 0.016853932584269662 0.20224719101123595 0.0028089887640449437 356
0000100010100000 0.6264775413711584 0.0 0.37115839243498816 0.002364066193853428 423
0000001000001100 0.44731182795698926 0.21935483870967742 0.24301075268817204 0.09032258064516129 465
0010000001010011 0.9693593314763231 0.002785515320334262 0.027855153203342618 0.0 359
0000010001100000 0.6092233009708737 0.009708737864077669 0.38106796116504854 0.0 412
0101000000100011 0.9659574468085106 0.00851063829787234 0.02553191489361702 0.0 470
0101000001000000 0.9947643979057592 0.005235602094240838 0.0 0.0 382
1000000000001011 0.8509719222462203 0.1447084233261339 0.0021598272138228943 0.0021598272138228943 463
1100000010000000 0.6214511041009464 0.12618296529968454 0.24605678233438485 0.006309148264984227 317
1000000000000110 0.6299840510366826 0.03189792663476874 0.3253588516746411 0.012759170653907496 627
1010000000000001 0.7171052631578947 0.27850877192982454 0.0021929824561403508 0.0021929824561403508 456
0110000000000010 0.56640625 0.431640625 0.0 0.001953125 512
0100000010100000 0.5612244897959183 0.11734693877551021 0.3163265306122449 0.00510204081632653 392
0000101000001000 0.6704545454545454 0.32386363636363635 0.002840909090909091 0.002840909090909091 352
0001000001110011 0.9349593495934959 0.0040650406504065045 0.06097560975609756 0.0 246
0000001100000001 0.7831632653061225 0.21683673469387754 0.0 0.0 392
0001000000100010 0.9568965517241379 0.017241379310344827 0.008620689655172414 0.017241379310344827 232
0000010000001010 0.6209964412811388 0.2918149466192171 0.07651245551601424 0.010676156583629894 562
0000001100010000 0.7990074441687345 0.0 0.20099255583126552 0.0 403
0111000000001000 0.7311827956989247 0.25806451612903225 0.005376344086021506 0.005376344086021506 186
0101000010000011 0.9324324324324325 0.021621621621621623 0.04594594594594595 0.0 370
0100000000011001 0.6666666666666666 0.06140350877192982 0.2631578947368421 0.008771929824561403 228
0000001110000000 0.895910780669145 0.0 0.10408921933085502 0.0 269
0110000000001011 0.7397540983606558 0.25614754098360654 0.004098360655737705 0.0 488
0000100010011000 0.3023255813953488 0.34551495016611294 0.34551495016611294 0.006644518272425249 301
0100000001001001 0.9197860962566845 0.0374331550802139 0.0374331550802139 0.0053475935828877 187
0001000001000001 0.12199630314232902 0.8743068391866913 0.0 0.0036968576709796672 541
0011000000010000 0.8646788990825688 0.0022935779816513763 0.13302752293577982 0.0 436
0000001000000101 0.7912457912457912 0.03367003367003367 0.16666666666666666 0.008417508417508417 594
0000100000000101 0.8176691729323309 0.03195488721804511 0.12781954887218044 0.022556390977443608 532
0000010100000100 0.8996212121212122 0.0 0.10037878787878787 0.0 528
1100000000100001 0.916 0.016 0.06 0.008 250
0000000100001100 0.44537815126050423 0.22478991596638656 0.2773109243697479 0.052521008403361345 476
1110000000000100 0.7256944444444444 0.14583333333333334 0.09722222222222222 0.03125 288
0010000011000000 0.7695852534562212 0.02304147465437788 0.2073732718894009 0.0 217
0000100110001001 0.5168918918918919 0.006756756756756757 0.47297297297297297 0.0033783783783783786 296
0100000010001011 0.5151515151515151 0.3005050505050505 0.18434343434343434 0.0 396
0111000000000001 0.7060133630289532 0.29398663697104677 0.0 0.0 449
1000000001010000 0.9481268011527377 0.0 0.04610951008645533 0.005763688760806916 347
0000010010011010 0.24206349206349206 0.21428571428571427 0.5396825396825397 0.003968253968253968 252
0100000000011011 0.7465564738292011 0.19559228650137742 0.046831955922865015 0.011019283746556474 363
0000101000010000 0.7337962962962963 0.0 0.2662037037037037 0.0 432
0000000100000011 0.8324514991181657 0.1657848324514991 0.0 0.001763668430335097 567
0001000010001000 0.8854625550660793 0.048458149779735685 0.013215859030837005 0.05286343612334802 227
0000010001100011 0.6287128712871287 0.012376237623762377 0.3564356435643564 0.0024752475247524753 404
0000010000111101 0.43434343434343436 0.1717171717171717 0.32323232323232326 0.0707070707070707 99
0010000011100000 0.578544061302682 0.011494252873563218 0.4099616858237548 0.0 261
0101000000001000 0.7393364928909952 0.2559241706161137 0.002369668246445498 0.002369668246445498 422
0100000010100011 0.5916666666666667 0.125 0.275 0.008333333333333333 360
1000000010110000 0.6125827814569537 0.006622516556291391 0.38079470198675497 0.0 302
1010000000100000 0.8717339667458432 0.0 0.12826603325415678 0.0 421
0100000000101011 0.6438356164383562 0.15616438356164383 0.1863013698630137 0.0136986301369863 365
0000010110010000 0.5102040816326531 0.0 0.4897959183673469 0.0 294
0101000000000110 0.6504065040650406 0.16531165311653118 0.11924119241192412 0.06504065040650407 369
0000000101010000 0.9330985915492958 0.035211267605633804 0.028169014084507043 0.0035211267605633804 284
0000010000111100 0.5 0.18396226415094338 0.24056603773584906 0.07547169811320754 424
0000111000000001 0.7329192546583851 0.18633540372670807 0.07453416149068323 0.006211180124223602 161
0000010000100010 0.4583333333333333 0.07291666666666667 0.4583333333333333 0.010416666666666666 288
1101000000000000 0.9872340425531915 0.010638297872340425 0.002127659574468085 0.0 470
0110000010000001 0.9 0.004347826086956522 0.09130434782608696 0.004347826086956522 230
0000001100000100 0.8957816377171216 0.004962779156327543 0.09925558312655088 0.0 403
0000011100100000 0.5936599423631124 0.0 0.4034582132564842 0.002881844380403458 347
0110000000100000 0.7781569965870307 0.18430034129692832 0.03754266211604096 0.0 293
0000001110110011 0.272 0.008 0.712 0.008 125
1100000000000100 0.7406340057636888 0.1239193083573487 0.10662824207492795 0.02881844380403458 347
0000101100011011 0.8631578947368421 0.005263157894736842 0.12631578947368421 0.005263157894736842 190
0111000000000010 0.6268656716417911 0.3706467661691542 0.0024875621890547263 0.0 402
1010000000001110 0.5714285714285714 0.23076923076923078 0.18681318681318682 0.01098901098901099 182
0110000000000111 0.846820809248555 0.008670520231213872 0.13583815028901733 0.008670520231213872 346
0100000001000010 0.3830734966592428 0.6080178173719376 0.0022271714922048997 0.0066815144766146995 449
0000100000000111 0.8828125 0.078125 0.01171875 0.02734375 256
1110000010001011 0.5128205128205128 0.04487179487179487 0.4423076923076923 0.0 156
0001000000110011 0.9747899159663865 0.0 0.0 0.025210084033613446 238
0110000000100111 0.7934782608695652 0.010869565217391304 0.1956521739130435 0.0 92
0111000000010011 0.8166666666666667 0.0 0.17666666666666667 0.006666666666666667 300
0000001001000010 0.38461538461538464 0.6098901098901099 0.005494505494505495 0.0 182
0000001100100011 0.5504201680672269 0.03361344537815126 0.4117647058823529 0.004201680672268907 238
0000010000111110 0.4810810810810811 0.24054054054054055 0.26756756756756755 0.010810810810810811 370
0001000010101010 0.9461077844311377 0.017964071856287425 0.005988023952095809 0.029940119760479042 167
0000010110100000 0.4875 0.00625 0.503125 0.003125 320
0110000000000100 0.7463414634146341 0.11219512195121951 0.11219512195121951 0.02926829268292683 410
0000010001110010 0.2702702702702703 0.6981981981981982 0.0045045045045045045 0.02702702702702703 222
1000000011000000 0.725 0.0125 0.25416666666666665 0.008333333333333333 240
0000010100110010 0.9561128526645768 0.03761755485893417 0.003134796238244514 0.003134796238244514 319
0001000001000010 0.13385826771653545 0.8582677165354331 0.0 0.007874015748031496 254
0000001000000111 0.8100358422939068 0.13261648745519714 0.014336917562724014 0.043010752688172046 279
0001000011101011 0.5614754098360656 0.0 0.4385245901639344 0.0 244
1100000010010001 0.31016042780748665 0.33689839572192515 0.35294117647058826 0.0 187
0010000000110000 0.8656987295825771 0.0 0.132486388384755 0.0018148820326678765 551
0000010000001111 0.7916666666666666 0.10119047619047619 0.047619047619047616 0.05952380952380952 168
0000110100000000 0.9942196531791907 0.0 0.005780346820809248 0.0 346
0010000001010000 0.9490616621983914 0.029490616621983913 0.021447721179624665 0.0 373
