000000000000000000000000 0.995184285351951 0.00109343087130061 0.0033992337573921054 0.0003230500193563028 7491100
000000001000000000001000 0.9435613437195716 0.04566699123661149 0.009152872444011684 0.001618792599805258 82160
000000100000000000100000 0.9310063632960804 0.060584995454788515 0.006176140313352227 0.002232500935778835 74804
000000100000000000101000 0.9270877550442879 0.06507343577553273 0.006013526898152079 0.0018252822820273367 70674
000000000010000000000010 0.9070560286313711 0.08510736764161422 0.005059854374922868 0.0027767493520918177 64824
000000000010000000100010 0.900098344533683 0.09227995410588428 0.0049172266841501396 0.0027044746762825765 61010
000000000010000000001010 0.8956561749118113 0.09597655118351767 0.005146469896559363 0.0032208040081116544 58681
000000000010000000101010 0.8937157465286898 0.09765194095708357 0.005393006601180158 0.0032393059130465234 57111
000000000010000001000010 0.9709480436704566 0.0030635113185434955 0.004070974772292699 0.021917470238707156 48637
000100000000000100000000 0.9480732096381496 0.020233397699605405 0.02990932751238351 0.0017840651498614727 47644
000000100000010000100000 0.9627455652060907 0.004093655916307479 0.008772119820658883 0.02438865905694297 46169
000100000000000100001000 0.9561661829198534 0.021334293764962608 0.005084638037329717 0.017414885277854283 47201
000000001000000100001000 0.9504577275175013 0.004106085083467959 0.02367169269430982 0.021764494704720878 44568
000100000000000101000000 0.9662623801705418 0.003177797786134209 0.029209257984216936 0.0013505640591070388 37762
000100000000000101001010 0.9708967669051589 0.003953951261498736 0.005298832642960891 0.019850449190381408 37178
000000001000000000001010 0.8974866942637493 0.09429331756357186 0.004819633353045535 0.003400354819633353 33820
000001000000000000000000 0.9944901949167605 0.001333017358848273 0.003673203388826352 0.0005035843355649032 33758
000000000010000000000000 0.9794524918639526 0.011869057494735498 0.006476931912449748 0.0022015187288622296 31342
000000100000010100101000 0.9512133307989609 0.003769878983716657 0.011372996261800671 0.033643793955521764 31566
010000000000010000000000 0.9564719722743315 0.007535531461638739 0.034370926202664465 0.0016215700613652984 31451
010000000000010000100000 0.9657412494748069 0.008500048479363951 0.005785204098122233 0.019973497947706927 30941
000000000010010001100010 0.9572273282344623 0.0038241532232148596 0.005141718619448551 0.03380679992287422 31118
010000000000010100000000 0.953961976131002 0.007459061892867055 0.03698306966416875 0.0015958923119622536 28824
010000000000010100101000 0.9600650843620672 0.00926744720738566 0.006968271373492271 0.023699197057054932 28271
010000000000000000000000 0.9881842970006293 0.0019576312661679367 0.008844298398937286 0.0010137733342655388 28606
000000001000000101001010 0.9659986268676235 0.0022558603328211332 0.004838656945761271 0.026906855853794095 30587
000000100000000000000000 0.9516931531263924 0.0380959453438289 0.007314718550423288 0.002896182979355414 26932
000100000000000000000000 0.9711415525114155 0.0028858447488584473 0.024036529680365296 0.0019360730593607307 27375
000000001000000000000000 0.9175728081514714 0.07086913542696373 0.00748992472055357 0.00406813170101133 26302
010000000000010101000000 0.9488685262998026 0.002936262846149952 0.04692958031691389 0.0012656305371336 19753
010000000000010101101010 0.9607416614874663 0.0033664802154547337 0.0052827843380981974 0.030609073958980732 19308
000010000000000000000000 0.9923065086936452 0.003744165769092681 0.003436426116838488 0.0005128994204236549 19497
000000100000000000101010 0.8094590510728317 0.1782512340082603 0.006346328195829556 0.005943386723078473 19854
010000000000010001100010 0.9586862755287637 0.0034817855843683417 0.00639193472951203 0.03144000415735592 19243
010000000000010001000000 0.9514835605453087 0.003458299919807538 0.0436046511627907 0.0014534883720930232 19952
000000100000000000100010 0.8106392625056672 0.17827817238426275 0.005843534330764193 0.005239030779305829 19851
000100000000010100000000 0.9263231117036693 0.008695148107356096 0.061967422178424436 0.003014318010550113 17251
000000001000000000101000 0.7915515653775322 0.19181629834254144 0.009783609576427255 0.006848526703499079 17376
000000000010010101101010 0.9246483803220263 0.006173232355374531 0.006682364920766244 0.06249602240183288 15713
000100000000010101000000 0.939680987593962 0.0039112632157917255 0.054574344557843914 0.0018334046324023712 16363
000100000000010100101000 0.9411521173409038 0.009048970901348475 0.006328365270877691 0.04347054648687012 16908
000100000000010101101010 0.949265605875153 0.0037943696450428396 0.006487148102815177 0.04045287637698899 16340
000000000001000000000000 0.9934419966891633 0.0015280784413599898 0.00439322551890997 0.0006366993505666624 15706
000000001000000000101010 0.8149596523898199 0.17119801365611423 0.0072004965859714465 0.006641837368094351 16110
000000100000010001100010 0.9499938187662257 0.005006799357151688 0.00432686364198294 0.04067251823463963 16178
000000100000010101101010 0.9475985260133658 0.0041846230716382484 0.00462182249703329 0.04359502841796265 16011
100000000000000000000000 0.9563784276597237 0.03836173644715618 0.004207868714496108 0.001051967178624027 14259
000000000010000101001010 0.9143656314996773 0.005809366707308326 0.007458939969877358 0.07236606182313705 13943
000010000000000000001010 0.9898812736103616 0.004924446842957366 0.004182406907717215 0.0010118726389638424 14824
100000000000000000001000 0.9598498796204503 0.035193315394420055 0.0038946324883161027 0.0010621724968134826 14122
000001000000000001000010 0.9751948972360028 0.0023623907394283014 0.004567288762894716 0.01787542326167415 12699
000000001000010101101010 0.9422730006013229 0.005411906193625977 0.005562236921226699 0.04675285628382441 13304
001000000000000000100000 0.96 0.034772727272727275 0.004242424242424243 0.000984848484848485 13200
000001000000000001000000 0.9682479250742405 0.0028934744536663367 0.027335719180689864 0.001522881291403335 13133
000000001000010100101000 0.9357403355215171 0.006272793581327498 0.008460977388767324 0.04952589350838804 13710
001000000000000000000000 0.9579691419016493 0.035570418788477616 0.005168351447898457 0.0012920878619746142 13157
000000000001000101000000 0.9932449337002752 0.0013343340838962556 0.004586773413393378 0.0008339588024351598 11991
000000010000000000000000 0.976283185840708 0.0019469026548672567 0.021061946902654866 0.0007079646017699115 11300
000000000100000000000000 0.974015009380863 0.0016885553470919325 0.023827392120075046 0.00046904315196998124 10660
000000010000000100000000 0.9760006931207763 0.001386241552590539 0.022179864841448623 0.00043320048518454343 11542
000000000100010000000000 0.9732410179640718 0.001777694610778443 0.02470059880239521 0.000280688622754491 10688
000001000000010001000000 0.9640479360852197 0.002853338405934944 0.031576945025680044 0.0015217804831653035 10514
000001000000010001100010 0.9683482664589015 0.0038955979742890533 0.004674717569146864 0.02308141799766264 10268
000001000000000101001010 0.9584057611124907 0.0033523714924261236 0.006332257263471567 0.03190961013161162 8054
000001000000010101000000 0.9491672880934626 0.003479990057171265 0.04548844146159582 0.0018642803877703207 8046
000001000000010101101010 0.9587719298245614 0.002130325814536341 0.006516290726817042 0.03258145363408521 7980
000001000000000101000000 0.9458861148690199 0.0033206247694010575 0.04980937154101586 0.0009838888205632764 8131
000011000000000000000000 0.9925025853154085 0.0043950361944157185 0.0027145811789038264 0.00038779731127197516 7736
000000100000010000101000 0.4469263759828449 0.35471765546819156 0.17172980700500357 0.02662616154395997 5596
000000100000000000001000 0.3177352206494588 0.6402997502081599 0.018151540383014156 0.023813488759367195 6005
000000000010000000101000 0.23428457393733787 0.7297944522051487 0.011175414089004191 0.02474555976850928 5011
000000000011000000000000 0.9918177442643992 0.0028878549655061768 0.004492218835231831 0.0008021819348628269 6233
000000000010000000100000 0.25859154929577466 0.7006572769953051 0.014835680751173709 0.025915492957746478 5325
000000001000000000000010 0.34371228578324886 0.5580497224233647 0.013275404296403573 0.08496258749698286 4143
000000100000000100100000 0.3777610441767068 0.25100401606425704 0.32630522088353414 0.044929718875502005 3984
000000000010000001001010 0.44561252950010727 0.41214331688478867 0.11542587427590646 0.026818279339197598 4661
000000100000000100101000 0.3411338962605549 0.2675512665862485 0.33872135102533174 0.052593486127864894 4145
000100000000000101001000 0.3391915641476274 0.4702485563645493 0.1589254330906352 0.03163444639718805 3983
000000001000000000100000 0.351017608049394 0.5831237136976903 0.021266864852504 0.044591813400411615 4373
000000100000000000000010 0.26067527308838134 0.6454816285998014 0.01663356504468719 0.07720953326713009 4028
000000000010000000001000 0.2430023177036905 0.7224104118381173 0.013193082545908362 0.02139418791228383 5609
000100000000000101000010 0.49433573635427397 0.36122554067971163 0.11791967044284243 0.026519052523171986 3884
000000100000010100100000 0.44426895306859204 0.27978339350180503 0.24842057761732853 0.027527075812274367 4432
000000001000010000001000 0.49597557590896474 0.19844573966139328 0.2736608381903969 0.031917846239245075 3603
000000100000000000001010 0.2236024844720497 0.730660643704122 0.016657255787690572 0.029079616036137776 3542
000000001000000100000000 0.6097617935544138 0.22209248014946287 0.1384866884633349 0.029659037832788417 4282
000100000000000100100000 0.48348745046235136 0.3891677675033025 0.095112285336856 0.03223249669749009 3785
000000000010000001100010 0.33645345813832556 0.4654186167446698 0.16796671866874674 0.03016120644825793 3846
010000000000010100100000 0.4897959183673469 0.3149092970521542 0.17233560090702948 0.02295918367346939 3528
000100000000000100001010 0.2909860859044162 0.45523290986085907 0.22928009679370842 0.024500907441016333 3306
000100000000000100101000 0.38793784566763234 0.4629971029760337 0.12193837239926257 0.02712667895707137 3797
000100000000000100100010 0.4747988140618382 0.38881829733163914 0.10292249047013977 0.033460398136382886 2361
000011000000000000001010 0.9798454820288881 0.016123614376889486 0.0030231776956667787 0.001007725898555593 2977
000000000010000001101010 0.3815104166666667 0.4752604166666667 0.10904947916666667 0.0341796875 3072
000000001000000000100010 0.3042973286875726 0.6245644599303136 0.01684088269454123 0.05429732868757259 3444
000000001000000100101000 0.24077746925823085 0.5204284014280047 0.19476398254660848 0.044030146767155894 2521
000000001000010100001000 0.3883467278989667 0.2462686567164179 0.338691159586682 0.026693455797933408 3484
000000000010000001000000 0.9024483550114767 0.0386381025248661 0.04016832440703902 0.01874521805661821 2614
000100000000000000001000 0.6567808810826374 0.1845666570688166 0.140224589691909 0.018427872156636913 3473
010000000000010000101000 0.4820062340606404 0.3284216491924058 0.16265230943610087 0.026919807310852934 3529
000000000010010000100010 0.36081242532855434 0.29908403026682595 0.3154121863799283 0.024691358024691357 2511
001100000000000000000000 0.9538175046554935 0.03910614525139665 0.00633147113594041 0.0007448789571694599 2685
000000000010000100100010 0.3600891861761427 0.2653288740245262 0.29914529914529914 0.07543664065403195 2691
000100000000000100000010 0.4969435454872348 0.3477166486875225 0.12477526069759079 0.030564545127651922 2781
110000000000000000000000 0.9575342465753425 0.036986301369863014 0.004794520547945206 0.0006849315068493151 2920
000100000000000101100000 0.4916763453348819 0.3635307781649245 0.1118854045683314 0.03290747193186218 2583
010000000000010100001000 0.3560774357346874 0.4589019358933672 0.15138051412250078 0.03364011424944462 3151
000000100000010000000000 0.7888381201044387 0.11031331592689295 0.0760443864229765 0.024804177545691905 3064
000000000010010001101010 0.41468388851121685 0.40584636301835486 0.13766145479265807 0.041808293677770225 2942
000000000011000101000000 0.988313856427379 0.002921535893155259 0.008347245409015025 0.00041736227045075126 2396
010000000000010000001000 0.38003901170351106 0.4460338101430429 0.13621586475942782 0.0377113133940182 3076
000000001000000101001000 0.2970627503337784 0.35113484646194926 0.32443257676902537 0.027369826435246995 2996
000100000000010100001000 0.36156081361560816 0.3515981735159817 0.2581984225819842 0.028642590286425903 2409
000000001100010000000000 0.9726725335803613 0.003242241778601204 0.024085224641037517 0.0 2159
000000001000010001001000 0.5074349442379182 0.19005576208178437 0.2746282527881041 0.027881040892193308 2152
000100000000000101101010 0.3821969696969697 0.4556818181818182 0.1303030303030303 0.031818181818181815 2640
001100000000000000100000 0.9600591715976331 0.035133136094674555 0.0036982248520710057 0.0011094674556213018 2704
000000001000000100001010 0.22064841045011016 0.4091910607491344 0.3342776203966006 0.03588290840415486 3177
000000000010010001000010 0.2933425797503467 0.41123439667128986 0.2687239944521498 0.02669902912621359 2884
000000000010000100001010 0.3118025025363544 0.2756171795738925 0.33107879607710516 0.08150152181264796 2957
000000001000010101001000 0.43677606177606176 0.22055984555984556 0.3083976833976834 0.03426640926640927 2072
000000000010000100000010 0.3489245476271765 0.25469443496073746 0.3212700580402868 0.07511095937179925 2929
000000001000000001001010 0.4066666666666667 0.283921568627451 0.28274509803921566 0.02666666666666667 2550
000000100000000001100000 0.5155400155400155 0.22066822066822067 0.24553224553224554 0.01825951825951826 2574
000000000010000101000010 0.449885233358837 0.20122417750573834 0.31216526396327465 0.036725325172149964 2614
110000000000000000001000 0.96 0.03206896551724138 0.005172413793103448 0.002758620689655172 2900
000000001000000001001000 0.5279347143753923 0.21594475831763968 0.23383553044569994 0.022284996861268048 3186
000000100000000001101000 0.5464409722222222 0.2547743055555556 0.1701388888888889 0.028645833333333332 2304
100000000000000000100000 0.8442028985507246 0.13043478260869565 0.019668737060041408 0.005693581780538302 1932
010000000000010001101010 0.4398826979472141 0.34017595307917886 0.18670576735092864 0.033235581622678395 2046
000000100000010100000000 0.7531380753138075 0.12226871222687122 0.099953509995351 0.024639702463970247 2151
000100000000000100101010 0.4157493649449619 0.43903471634208296 0.1096528365791702 0.03556308213378493 2362
000000001100000000000000 0.9635776855693868 0.008298755186721992 0.026740433379437527 0.0013831258644536654 2169
000000000010010101100010 0.42370572207084467 0.2756584922797457 0.25658492279745687 0.04405086285195277 2202
000000100000010000100010 0.16673684210526316 0.6147368421052631 0.17221052631578948 0.04631578947368421 2375
000000000010000100101010 0.3532110091743119 0.27714067278287463 0.27675840978593275 0.09288990825688073 2616
000100000000010100100000 0.41445783132530123 0.3253012048192771 0.21831325301204818 0.041927710843373496 2075
000000000010010000001010 0.4369869628198938 0.35055528730082086 0.17624336069531626 0.036214389183969097 2071
000010000000000000000010 0.7715019255455713 0.2058194266153188 0.014976465554129225 0.007702182284980745 2337
000000110000000000000000 0.971830985915493 0.003961267605633803 0.023327464788732395 0.0008802816901408451 2272
010000000000010101100010 0.47021791767554477 0.3152542372881356 0.18014527845036318 0.03438256658595642 2065
010000000000000000100000 0.8213488164359088 0.11478338543992854 0.052702099151406875 0.011165698972755694 2239
000000000010010101000010 0.37359900373599003 0.2982565379825654 0.28019925280199254 0.04794520547945205 1606
000000100000010001101000 0.4167561761546724 0.3157894736842105 0.21911922663802363 0.04833512352309345 1862
000100000000000101101000 0.4167023554603854 0.44967880085653106 0.09593147751605996 0.037687366167023555 2335
010000000000000000101000 0.7901498929336188 0.1311563169164882 0.059957173447537475 0.01873661670235546 1868
000100000000010101001010 0.3304075235109718 0.3285266457680251 0.30971786833855797 0.03134796238244514 1595
001000000000000000001000 0.7896995708154506 0.18741058655221746 0.01430615164520744 0.008583690987124463 2097
010000000000010100001010 0.41746411483253587 0.4342105263157895 0.11303827751196172 0.035287081339712915 1672
000000000010010001100000 0.07539118065433854 0.8264580369843528 0.03911806543385491 0.05903271692745377 1406
000000001000000100000010 0.07605985037406483 0.5168329177057357 0.06234413965087282 0.34476309226932667 1604
000001000000000000001000 0.5665236051502146 0.38894849785407726 0.021995708154506438 0.022532188841201718 1864
000000100000010001100000 0.3035230352303523 0.32017034456058846 0.34959349593495936 0.026713124274099883 2583
000000100000010101101000 0.30974358974358973 0.3353846153846154 0.3251282051282051 0.029743589743589743 1950
000000000010010001001010 0.37072921978582357 0.4395716471188169 0.13768485466598673 0.05201427842937277 1961
000000100000000100101010 0.2380352644836272 0.21158690176322417 0.28463476070528965 0.26574307304785894 1588
000000100000010100001000 0.14825097168239867 0.7412548584119933 0.039422543031649084 0.07107162687395892 1801
000000110000000100000000 0.974235807860262 0.0034934497816593887 0.021397379912663755 0.0008733624454148472 2290
000100000000000101100010 0.47329192546583854 0.39420289855072466 0.10186335403726708 0.03064182194616977 2415
000000000010010000101010 0.43664202745512143 0.33738120380147835 0.191129883843717 0.03484688489968321 1894
000000000010010000000010 0.4212134439109559 0.2754255783500655 0.2728066346573549 0.030554343081623744 2291
010000000000010000100010 0.3118594436310395 0.511469009272816 0.1498291849682772 0.026842362127867253 2049
010000000000010100101010 0.3185146443514644 0.47594142259414224 0.17311715481171547 0.032426778242677826 1912
000001000000000000001010 0.8926353149955635 0.07897071872227152 0.01774622892635315 0.01064773735581189 1127
000000000010010001000000 0.867214236824093 0.05270362765229295 0.055441478439425054 0.024640657084188913 1461
010000000000000000001000 0.515748031496063 0.4341957255343082 0.023622047244094488 0.026434195725534307 1778
000000001000010000101000 0.26481994459833796 0.42880886426592796 0.20664819944598337 0.0997229916897507 1805
000000001000010101001010 0.2916432978126753 0.31519910263600676 0.3662366797532249 0.0269209197980931 1783
000000001000000100100000 0.20209251101321585 0.5313876651982379 0.05341409691629956 0.2131057268722467 1816
000000100000010101100010 0.3806595863610956 0.3756288429290106 0.20905533817775293 0.03465623253214086 1789
000000001000000101000010 0.35309687665431444 0.5516146109052409 0.04446797247220752 0.05082053996823716 1889
000000001000010100101010 0.19407407407407407 0.4362962962962963 0.31555555555555553 0.05407407407407407 1350
000000100000010000001000 0.19670388091440724 0.6868686868686869 0.043593833067517275 0.07283359914938863 1881
000010000000000000100000 0.6852737905369485 0.29558745348219034 0.011695906432748537 0.007442849548112706 1881
000000000010000101100010 0.3787202380952381 0.31101190476190477 0.24404761904761904 0.0662202380952381 1344
000100000000010101101000 0.278118609406953 0.48193592365371507 0.19427402862985685 0.04567143830947512 1467
000100000000010101001000 0.3614806246385194 0.4164256795835743 0.17119722382880279 0.05089647194910353 1729
000100000000000000100000 0.6478968792401628 0.20420624151967434 0.04748982360922659 0.10040705563093623 1474
000000100000010001101010 0.3859357696566999 0.39700996677740863 0.1805094130675526 0.036544850498338874 1806
000000001000000100101010 0.2297847585805701 0.4694589877835951 0.2356020942408377 0.0651541593949971 1719
000000001000010100000000 0.6919155134741443 0.12017479970866715 0.14785142024763293 0.04005826656955572 1373
000000000010010100100010 0.3570965651328581 0.3661697990926766 0.23331173039533376 0.04342190537913156 1543
000000000010010100000010 0.3711526855763428 0.31261315630657815 0.27821363910681957 0.038020519010259504 1657
010000000000010101001010 0.3745173745173745 0.4465894465894466 0.14543114543114544 0.03346203346203346 1554
010000000000010101101000 0.29802955665024633 0.4476600985221675 0.2105911330049261 0.0437192118226601 1624
100000000000000000100010 0.9402684563758389 0.042281879194630875 0.013422818791946308 0.004026845637583893 1490
000100000000010101100010 0.4492753623188406 0.34492753623188405 0.1617391304347826 0.044057971014492756 1725
000001000000000000100010 0.9004081632653061 0.07265306122448979 0.017959183673469388 0.008979591836734694 1225
000000100000010101100000 0.3951822916666667 0.2623697916666667 0.3014322916666667 0.041015625 1536
010000000000010101001000 0.3491450634307777 0.44015444015444016 0.1704357418643133 0.04026475455046884 1813
000000000010000100000000 0.3840277777777778 0.052083333333333336 0.5159722222222223 0.04791666666666667 1440
000100000000000000101000 0.7118827997829625 0.15301139446554532 0.11177428106348346 0.02333152468800868 1843
010000000000010000000010 0.4702827466820542 0.3958453548759377 0.09924985574148874 0.03462204270051933 1733
010000000000000100000000 0.44472681067344344 0.011435832274459974 0.5317662007623888 0.01207115628970775 1574
000100000000010101100000 0.4105191256830601 0.2957650273224044 0.24726775956284153 0.04644808743169399 1464
000000100000000100100010 0.24701986754966887 0.22450331125827813 0.2556291390728477 0.2728476821192053 1510
000100000000000000001010 0.6762246117084827 0.10215053763440861 0.1953405017921147 0.026284348864994027 1674
000000000001000001000000 0.8518242740134029 0.0037230081906180195 0.14147431124348472 0.0029784065524944155 1343
000000100000010000101010 0.27376697641172265 0.5253752680486061 0.14224446032880628 0.058613295210864905 1399
000000000010000100001000 0.30096367679762787 0.09710896960711639 0.04670126019273536 0.5552260934025204 1349
000000000100000100000000 0.8526148969889065 0.014263074484944533 0.13153724247226625 0.001584786053882726 1262
000000001000010101100010 0.27414634146341466 0.6146341463414634 0.04 0.07121951219512195 1025
000000100000010100101010 0.13690476190476192 0.5844155844155844 0.23214285714285715 0.046536796536796536 1848
000000000010010101001010 0.35224089635854344 0.42857142857142855 0.16736694677871147 0.05182072829131653 1428
010000000000010001000010 0.41239721695129666 0.4079696394686907 0.14990512333965844 0.029728020240354206 1581
000000100000000100001000 0.3013888888888889 0.08333333333333333 0.04375 0.5715277777777777 1440
000100000000010100101010 0.26899383983572894 0.45790554414784396 0.2272416153319644 0.0458590006844627 1461
000000001000000101101010 0.2362537764350453 0.5268882175226586 0.1903323262839879 0.04652567975830816 1655
010000000000010100100010 0.41573867854491464 0.40905716406829995 0.13659985152190052 0.038604305864884926 1347
010000000000010001001000 0.3824027072758037 0.4207557811618725 0.1601804850535815 0.03666102650874224 1773
000000000010010100101010 0.31316725978647686 0.3534994068801898 0.2977461447212337 0.03558718861209965 1686
000100000000000000000010 0.6162962962962963 0.12074074074074075 0.03333333333333333 0.22962962962962963 1350
000000100000000001100010 0.3208020050125313 0.37510442773600666 0.25146198830409355 0.05263157894736842 1197
000000000010000101101010 0.30677847658979734 0.40670859538784065 0.21872816212438853 0.06778476589797344 1431
000010000000000000001000 0.42279163857046526 0.5434929197572488 0.014834794335805798 0.018880647336480108 1483
000000001000010000101010 0.3089840470193115 0.27287993282955497 0.1746431570109152 0.2434928631402183 1191
010000000000010000001010 0.4817708333333333 0.36328125 0.11067708333333333 0.044270833333333336 1536
000100000000000001000000 0.5573598742797276 0.005238344683080147 0.41906757464641176 0.018334206390780514 1909
000001000000000000000010 0.9191671769748928 0.05511328842620943 0.02204531537048377 0.003674219228413962 1633
000000100000000101100000 0.43433544303797467 0.1787974683544304 0.3338607594936709 0.05300632911392405 1264
000100000000010000000000 0.4654696132596685 0.0055248618784530384 0.5013812154696132 0.027624309392265192 1448
000000000100000101000000 0.9475341028331584 0.004197271773347324 0.0472193074501574 0.001049317943336831 953
000000100000010000000010 0.1 0.6664233576642336 0.04525547445255475 0.18832116788321168 1370
000000001000010100100000 0.24400564174894218 0.5867418899858956 0.05923836389280677 0.11001410437235543 1418
010000000000000000101010 0.827140549273021 0.07592891760904685 0.07835218093699516 0.018578352180936994 1238
000000010000010000000000 0.9238095238095239 0.005194805194805195 0.0683982683982684 0.0025974025974025974 1155
000000001000010100001010 0.3226027397260274 0.26986301369863014 0.35136986301369866 0.056164383561643834 1460
000000000010010101000000 0.8699719363891487 0.050514499532273154 0.05612722170252572 0.023386342376052385 1069
000010000000000000101010 0.4659090909090909 0.5022727272727273 0.011363636363636364 0.020454545454545454 880
010000000000010001101000 0.4184 0.3568 0.1696 0.0552 1250
001000000000000000100010 0.857307249712313 0.10586881472957423 0.02186421173762946 0.014959723820483314 869
000000100000000100000000 0.41594996090695857 0.0836591086786552 0.44487881157154024 0.05551211884284597 1279
000000000010000101001000 0.06278026905829596 0.7964125560538117 0.06457399103139014 0.07623318385650224 1115
000000010000010001000000 0.9603429796355841 0.0021436227224008574 0.03751339764201501 0.0 933
000100000000000000101010 0.7433987813134733 0.0907244414353419 0.13473256601218686 0.03114421123899797 1477
000011000000000000100000 0.8254716981132075 0.16430817610062892 0.0031446540880503146 0.007075471698113208 1272
000011000000000000000010 0.9148471615720524 0.07059679767103348 0.012372634643377001 0.002183406113537118 1374
010000000000000000100010 0.8334566987416728 0.08142116950407106 0.07105847520355292 0.014063656550703183 1351
000000000010000001100000 0.10567210567210568 0.8018648018648019 0.04040404040404041 0.052059052059052056 1287
000001000000010001001000 0.39457459926017263 0.44882860665844637 0.11467324290998766 0.04192355117139334 811
000100000000010100100010 0.44 0.2946938775510204 0.2253061224489796 0.04 1225
010000000000000001000000 0.49357072205736896 0.006923837784371909 0.47873392680514343 0.020771513353115726 1011
000001000000000001100010 0.40861344537815125 0.40021008403361347 0.16281512605042017 0.028361344537815126 952
010000000000010100000010 0.5313676286072773 0.32622333751568383 0.09974905897114178 0.04265997490589712 1594
000000001000010001001010 0.3876363636363636 0.22690909090909092 0.3461818181818182 0.03927272727272727 1375
010000000000000100100000 0.224 0.064 0.664 0.048 625
010000000000010001100000 0.3604923798358734 0.41324736225087927 0.19871043376318875 0.027549824150058615 1706
000000001000010001101010 0.32006773920406434 0.35817104149026247 0.26756985605419137 0.05419136325148179 1181
000100000000000001000010 0.30458515283842796 0.03056768558951965 0.04912663755458515 0.6157205240174672 916
010000000000010101000010 0.4860415175375805 0.325697924123121 0.148890479599141 0.03937007874015748 1397
001000000000000000000010 0.8435689455388181 0.1332560834298957 0.012746234067207415 0.010428736964078795 863
000100000000000001001010 0.4688473520249221 0.028037383177570093 0.4688473520249221 0.03426791277258567 1284
001100000000000000001010 0.9469302809573361 0.04162330905306972 0.01040582726326743 0.001040582726326743 961
000001000000000000101000 0.694300518134715 0.2621761658031088 0.025906735751295335 0.017616580310880828 965
000100000000010000100000 0.3022988505747126 0.026436781609195402 0.05862068965517241 0.6126436781609196 870
000001000000000001001010 0.5016835016835017 0.34175084175084175 0.11952861952861953 0.037037037037037035 1188
000000000010000101000000 0.8361423220973783 0.05337078651685393 0.0852059925093633 0.025280898876404494 1068
000000100000010100100010 0.23470319634703196 0.4867579908675799 0.2009132420091324 0.0776255707762557 1095
000010000000000000100010 0.5570388349514563 0.4162621359223301 0.012135922330097087 0.014563106796116505 824
000000000001000101001010 0.9019886363636364 0.05965909090909091 0.014204545454545454 0.024147727272727272 704
000000100000010001000000 0.8357570573139436 0.05218135158254919 0.08212147134302823 0.029940119760479042 1169
000000000010010101101000 0.05502846299810247 0.8349146110056926 0.05028462998102467 0.05977229601518026 1054
000001000000000001001000 0.4244604316546763 0.4265159301130524 0.12127440904419322 0.02774922918807811 973
000000001000000001101010 0.4329268292682927 0.24146341463414633 0.24390243902439024 0.08170731707317073 820
000000000011000001000000 0.9394871794871795 0.0020512820512820513 0.05435897435897436 0.0041025641025641026 975
000001000000000000101010 0.9078080903104422 0.06679209783631232 0.017873941674506115 0.007525870178739417 1063
000000001000010000001010 0.44423320659062104 0.21039290240811154 0.2813688212927757 0.06400506970849176 1578
010000000000010000101010 0.4593437945791726 0.37660485021398005 0.12410841654778887 0.039942938659058486 1402
000000100000000001101010 0.35054347826086957 0.4266304347826087 0.1875 0.035326086956521736 1104
001000000000000000001010 0.9257703081232493 0.05322128851540616 0.01750700280112045 0.0035014005602240898 1428
010000000000010001001010 0.42909896602658787 0.3766617429837518 0.15805022156573117 0.0361890694239291 1354
100000000000000000000010 0.8520942408376964 0.10863874345549739 0.028795811518324606 0.010471204188481676 764
000000000010000001001000 0.11286089238845144 0.7847769028871391 0.03499562554680665 0.0673665791776028 1143
010000000000010101100000 0.45139412207987945 0.3579502637528259 0.14845516201959308 0.04220045214770158 1327
000000000010010000100000 0.39918533604887985 0.08961303462321792 0.021384928716904276 0.48981670061099797 982
000000001000010101000000 0.8260437375745527 0.04970178926441352 0.08349900596421471 0.040755467196819085 1006
100000000000010000000000 0.8944444444444445 0.016666666666666666 0.07916666666666666 0.009722222222222222 720
000000001000000001000000 0.7765843179377014 0.07841031149301826 0.10204081632653061 0.04296455424274973 931
000001000000000101001000 0.26410835214446954 0.5474040632054176 0.14221218961625282 0.046275395033860044 886
000000100000000101100010 0.2519954389965792 0.45039908779931587 0.24173318129988597 0.055872291904218926 877
000000001000000101000000 0.8078817733990148 0.06568144499178982 0.08456486042692939 0.04187192118226601 1218
000000110000000100101010 0.922920892494929 0.04665314401622718 0.02028397565922921 0.010141987829614604 493
000000000010010100001010 0.3569907735982967 0.38963804116394607 0.20227111426543648 0.0511000709723208 1409
000001000000010101001000 0.3607188703465982 0.41078305519897307 0.17458279845956354 0.05391527599486521 779
000100000000010100000010 0.47767857142857145 0.32142857142857145 0.15178571428571427 0.049107142857142856 1120
100000000000000000001010 0.8608815426997245 0.10743801652892562 0.02066115702479339 0.011019283746556474 726
000000001000000001000010 0.2951002227171492 0.1091314031180401 0.024498886414253896 0.5712694877505567 898
001000000000000000101010 0.7895622895622896 0.1734006734006734 0.02356902356902357 0.013468013468013467 594
000000100000010101000010 0.1952247191011236 0.6882022471910112 0.04915730337078652 0.06741573033707865 712
000000100000010000001010 0.11120917917034422 0.6513680494263019 0.03795233892321271 0.1994704324801412 1133
000000000001010000000000 0.7777777777777778 0.0025252525252525255 0.21885521885521886 0.0008417508417508417 1188
000000001000000101101000 0.199438202247191 0.5402621722846442 0.20880149812734083 0.05149812734082397 1068
000000000001000100000000 0.40706605222734255 0.006144393241167435 0.5852534562211982 0.0015360983102918587 651
000000010000000000100000 0.8495339547270306 0.11451398135818908 0.023968042609853527 0.011984021304926764 751
000000010000000100101000 0.8192771084337349 0.13119143239625167 0.02677376171352075 0.022757697456492636 747
000011000000000000001000 0.49333333333333335 0.47619047619047616 0.017142857142857144 0.013333333333333334 525
000000100000010101001010 0.15866388308977036 0.7400835073068893 0.049060542797494784 0.05219206680584551 958
000000000010010001101000 0.1547029702970297 0.7264851485148515 0.04455445544554455 0.07425742574257425 808
000000100000000100001010 0.07270560190703218 0.35876042908224076 0.2431466030989273 0.3253873659117998 839
000000001000010101101000 0.18277511961722487 0.47081339712918663 0.28421052631578947 0.06220095693779904 1045
000000001000000100100010 0.09472880061115355 0.5492742551566081 0.061115355233002294 0.29488158899923606 1309
000000010000000100001000 0.5016538037486218 0.30760749724366043 0.1730981256890849 0.017640573318632856 907
000001000000000000100000 0.737220447284345 0.23162939297124602 0.020766773162939296 0.010383386581469648 1252
000000010000000000001000 0.49050632911392406 0.31645569620253167 0.169831223628692 0.023206751054852322 948
000001000000000001100000 0.4443069306930693 0.39603960396039606 0.12004950495049505 0.039603960396039604 808
000000000100000000001000 0.7252747252747253 0.2177822177822178 0.029970029970029972 0.026973026973026972 1001
000010000000000100000000 0.49581239530988275 0.020100502512562814 0.47571189279731996 0.008375209380234505 597
000001000000010001000010 0.4069506726457399 0.37331838565022424 0.19394618834080718 0.0257847533632287 892
000000001000000101100010 0.19529652351738241 0.6779141104294478 0.04294478527607362 0.08384458077709611 978
010000000000000100101000 0.16413793103448276 0.06206896551724138 0.7241379310344828 0.0496551724137931 725
000000000001000101001000 0.5729166666666666 0.375 0.033854166666666664 0.018229166666666668 768
000000100000000001000010 0.2753846153846154 0.10923076923076923 0.010769230769230769 0.6046153846153847 650
000000000001000000001000 0.5872865275142315 0.3738140417457306 0.020872865275142316 0.018026565464895637 1054
000000100000010100000010 0.10845986984815618 0.579175704989154 0.04338394793926247 0.26898047722342733 922
110000000000000000100010 0.9543245869776482 0.03304178814382896 0.009718172983479106 0.0029154518950437317 1029
001100000000000100000000 0.8697674418604651 0.03565891472868217 0.08062015503875969 0.013953488372093023 645
000000001100000000001000 0.8636363636363636 0.093841642228739 0.024926686217008796 0.017595307917888565 682
000001000000010101101000 0.26286509040333794 0.5132127955493742 0.17524339360222532 0.048678720445062586 719
000000000010010100101000 0.34441805225653205 0.060570071258907364 0.021377672209026127 0.5736342042755345 842
000000000010000001101000 0.10422535211267606 0.7859154929577464 0.04788732394366197 0.061971830985915494 1065
000001000000010001100000 0.32897862232779096 0.49643705463182897 0.13895486935866982 0.035629453681710214 842
000000000001000101101010 0.9036697247706422 0.0581039755351682 0.021406727828746176 0.016819571865443424 654
010000000000000000000010 0.7141592920353982 0.10973451327433628 0.023893805309734513 0.15221238938053097 1130
000001000000010000000000 0.6339969372128637 0.004594180704441042 0.35222052067381315 0.009188361408882083 653
000000010000000000100010 0.8993055555555556 0.052083333333333336 0.027777777777777776 0.020833333333333332 576
001000000000000000101000 0.6206070287539937 0.3514376996805112 0.019968051118210862 0.007987220447284345 1252
000100000000010001000000 0.41637010676156583 0.0071174377224199285 0.5587188612099644 0.017793594306049824 1124
000000001000010000000000 0.6489707475622969 0.08775731310942579 0.20368364030335862 0.059588299024918745 923
000010000000010101100000 0.9698681732580038 0.007532956685499058 0.015065913370998116 0.007532956685499058 531
000000001000010001100010 0.23492063492063492 0.10317460317460317 0.01746031746031746 0.6444444444444445 630
000001000000000101000010 0.5217391304347826 0.2258748674443266 0.21208907741251326 0.04029692470837752 943
000000000001000000100000 0.7737789203084833 0.1953727506426735 0.02056555269922879 0.010282776349614395 778
000000001000010001101000 0.32941176470588235 0.3323529411764706 0.25441176470588234 0.0838235294117647 680
000001000000010001101010 0.4588832487309645 0.3472081218274112 0.1634517766497462 0.030456852791878174 985
110000000000000000100000 0.9194444444444444 0.06018518518518518 0.01574074074074074 0.004629629629629629 1080
000000001100000100000000 0.9294403892944039 0.015815085158150853 0.049878345498783457 0.004866180048661801 822
000100000000010101000010 0.471107544141252 0.3202247191011236 0.15248796147672553 0.056179775280898875 1246
000001000000010001001010 0.41989881956155145 0.40134907251264756 0.15177065767284992 0.026981450252951095 593
000001000000010101001010 0.401305057096248 0.38825448613376834 0.1598694942903752 0.05057096247960848 613
001000000000010101001010 0.9577167019027484 0.006342494714587738 0.019027484143763214 0.016913319238900635 473
000001000000000100000000 0.46476190476190476 0.008571428571428572 0.5219047619047619 0.004761904761904762 1050
000011000000010101001010 0.9624765478424016 0.0075046904315197 0.01876172607879925 0.01125703564727955 533
010000000000000100001000 0.42312008978675647 0.03479236812570146 0.052749719416386086 0.489337822671156 891
000001000000000101101010 0.36348949919224555 0.40064620355411956 0.1938610662358643 0.0420032310177706 619
000000100000000101101000 0.4369230769230769 0.20846153846153845 0.3123076923076923 0.04230769230769231 1300
001100000000000000001000 0.8845120859444942 0.09937332139659803 0.011638316920322292 0.004476275738585497 1117
001000000000010100001000 0.9294755877034359 0.02531645569620253 0.019891500904159132 0.02531645569620253 553
000000001000010001000000 0.6867256637168142 0.08672566371681416 0.15575221238938053 0.07079646017699115 565
000000100000000000100001 0.7948164146868251 0.13606911447084233 0.04967602591792657 0.019438444924406047 463
000000001000000101100000 0.14396284829721362 0.7136222910216719 0.06811145510835913 0.07430340557275542 646
000000000100010000001000 0.5166112956810631 0.42358803986710963 0.03986710963455149 0.019933554817275746 602
000001000000010101100000 0.45112781954887216 0.3383458646616541 0.16729323308270677 0.043233082706766915 532
000000010000010100000000 0.7670588235294118 0.002352941176470588 0.23058823529411765 0.0 425
000010000000000000101000 0.4759825327510917 0.4923580786026201 0.015283842794759825 0.016375545851528384 916
000000000011010000101010 0.9107142857142857 0.0496031746031746 0.011904761904761904 0.027777777777777776 504
000010000000000001000000 0.9568567026194145 0.012326656394453005 0.02157164869029276 0.009244992295839754 649
000100000000010001100010 0.245014245014245 0.022792022792022793 0.04415954415954416 0.688034188034188 702
000000110000000100101000 0.9056291390728477 0.0728476821192053 0.008278145695364239 0.013245033112582781 604
000000010000010000100000 0.9060150375939849 0.05827067669172932 0.015037593984962405 0.020676691729323307 532
001000000000000100000000 0.7786163522012579 0.018867924528301886 0.19119496855345913 0.011320754716981131 795
000000100000010100001010 0.09173478655767484 0.6430517711171662 0.03905540417801998 0.22615803814713897 1101
000000001000010101100000 0.16210045662100456 0.636986301369863 0.06621004566210045 0.13470319634703196 438
000000000011010000000000 0.8990435706695006 0.003188097768331562 0.09670563230605739 0.0010626992561105207 941
000001000000010001101000 0.4540901502504174 0.3789649415692821 0.11519198664440734 0.05175292153589316 599
000000000001000000001010 0.9117259552042161 0.05533596837944664 0.014492753623188406 0.01844532279314888 759
000000001100000101000000 0.9741267787839586 0.00646830530401035 0.019404915912031046 0.0 773
