0000000000000000 0.9998068942707153 2.50487908271328e-05 0.00015693834252917898 1.111859592837017e-05 7824729
0001000000000000 0.9997804595712975 4.656918184600237e-05 0.00017297124685658022 0.0 150314
0010000000000000 0.9997802052882607 1.4652980782615704e-05 0.00019048875017400416 1.4652980782615704e-05 136491
1000000000000000 0.999737783810464 8.483464955577493e-05 0.00016966929911154985 7.712240868706811e-06 129664
0000000100000000 0.9996523552928906 0.00010863897097166696 0.0002281418390405006 1.0863897097166696e-05 92048
0000001000000000 0.9997268844969709 4.9657364187108946e-05 0.00021104379779521304 1.2414341046777236e-05 80552
0000010000000000 0.9953522694906916 3.883897361539059e-05 0.004595945211154554 1.294632453846353e-05 77242
0000100000000000 0.9995723640251236 0.000173727114793532 0.0002405452358679674 1.3363624214887077e-05 74830
0100000000000000 0.994611633901674 0.005139911177365757 0.0002018696232802261 4.658529768005217e-05 64398
0000010000110000 0.9972207254473782 4.253991662176342e-05 0.0027367346360001135 0.0 70522
0100000000000011 0.9968692287397766 0.0026734675929997362 0.0003693606542960162 8.79430129276229e-05 56855
1010000000000000 0.9995756289784783 0.0002424977265838133 0.00018187329493785995 0.0 16495
0101000000000000 0.9952604023146873 0.0045191512813447235 0.00011022320198401764 0.00011022320198401764 18145
0101000000000011 0.9948549782326002 0.004918866964437157 0.00022615480296262792 0.0 17687
0000010100000000 0.9929304304304304 0.0 0.00706956956956957 0.0 15984
0000010100110000 0.993960968787744 0.00019070624880808594 0.005784756213845273 6.356874960269532e-05 15731
0011000000000000 0.9995985279357644 0.00020073603211776515 0.00020073603211776515 0.0 14945
0100000000000001 0.9117417523944661 0.08683930471798511 0.0009223128769067045 0.0004966300106420716 14095
0000010000010000 0.8679163973281621 0.0005745888098829275 0.13143719026071968 7.182360123536594e-05 13923
0000101000000000 0.9990197556929573 0.0003016136329362087 0.0006786306741064696 0.0 13262
0100000000001011 0.9088829584445292 0.08968738086160885 0.0009531071292413268 0.0004765535646206634 10492
0000001100000000 0.9997468568053329 8.43810648890389e-05 0.0001687621297780778 0.0 11851
0110000000000000 0.9864551773302441 0.013277490643379077 8.911067545891998e-05 0.00017822135091783995 11222
0000011000000000 0.9823724595603484 0.00020738282870178348 0.017420157610949814 0.0 9644
0000010010110000 0.8499648982047939 0.0003008725303379801 0.14973422926486812 0.0 9971
0000101100001011 0.996339308255491 0.002777076495834385 0.0005049229992426155 0.0003786922494319616 7922
0100000000000010 0.8430773705642816 0.15372309482257127 0.002036067481093659 0.0011634671320535194 6876
1110000000000000 0.9821849620120513 0.017422059208802725 0.0003929787791459261 0.0 7634
0111000000000000 0.9968804591964063 0.002869977539306214 0.0002495632642874969 0.0 8014
0110000000000001 0.9747888067581837 0.024287222808870117 0.0005279831045406547 0.00039598732840549105 7576
0000010000100000 0.7759525124240751 0.0004141358365543898 0.22363335173937052 0.0 7244
0000000100000001 0.9762335313872385 0.02273314389046758 0.0005166623611469904 0.0005166623611469904 7742
0000100000001000 0.9572243346007605 0.041553503530689845 0.0012221618685497012 0.0 7364
1100000000000000 0.984812529663028 0.014475557664926435 0.0007119126720455624 0.0 8428
1100000000000001 0.9794520547945206 0.0196078431372549 0.0009401020682245501 0.0 7446
0000011000110000 0.997979525862069 0.00026939655172413793 0.0016163793103448276 0.00013469827586206896 7424
1110000000000001 0.9811243331965531 0.01832854602653536 0.0005471207769115032 0.0 7311
0000100100001001 0.9965714285714286 0.0030476190476190477 0.00038095238095238096 0.0 7875
0110000000000011 0.9971045964531307 0.0019302690312462299 0.0007238508867173362 0.00024128362890577873 8289
0111000000000011 0.9997352045544816 0.0002647954455183371 0.0 0.0 7553
0000001000000010 0.9847111351643891 0.014341767013935868 0.0008117981328642944 0.00013529968881071573 7391
0000110000010000 0.9704403474021027 0.0007618467164406522 0.02879780588145665 0.0 6563
0000001100000011 0.9947106409458618 0.004978220286247666 0.0 0.00031113876789047915 6428
0000111000000000 0.975996307124173 0.0 0.02400369287582705 0.0 6499
0000011100000000 0.9984430290162775 0.00014154281670205238 0.0012738853503184713 0.00014154281670205238 7065
0000101000001010 0.9688007799805005 0.029899252518687032 0.0008124796880077998 0.0004874878128046799 6154
0000101010101010 0.9926952612848848 0.0011238059561715678 0.001311106948866829 0.004869825810076793 5339
0000111000010000 0.976104386102814 0.00015720798616569723 0.02373840591102028 0.0 6361
0000110000000000 0.9766032417195208 0.00014094432699083862 0.023255813953488372 0.0 7095
0100000000001001 0.9042722921467825 0.0930686048572948 0.0015954617975536252 0.0010636411983690835 5641
0000011000010000 0.9688519727083952 0.0002966478789676654 0.030703055473153367 0.0001483239394838327 6742
0101000000000010 0.9384697699304441 0.060995184590690206 0.0003566969859104691 0.00017834849295523454 5607
0000001000100010 0.9930900070871722 0.0005315379163713678 0.0012402551381998582 0.005138199858256556 5644
0001000000000001 0.9723788049605412 0.024426907177752723 0.002818489289740699 0.0003757985719654265 5322
0000101110111011 0.9969765684051398 0.0 0.0003779289493575208 0.0026455026455026454 5292
0000011100110000 0.9993857493857494 0.0003071253071253071 0.0003071253071253071 0.0 6512
0010000000100000 0.9898654551808492 0.00017473353136466887 0.009959811287786125 0.0 5723
1000000010000000 0.9598190989737345 0.0005218298834579927 0.03948512784832145 0.00017394329448599757 5749
1110000000001011 0.9928360724820902 0.006110408765276022 0.001053518752633797 0.0 4746
0000100000001001 0.9721876297218763 0.025944375259443753 0.0012453300124533001 0.0006226650062266501 4818
0000010010010000 0.9099939185080073 0.000608149199270221 0.088992499493209 0.00040543279951348065 4933
0000100010001000 0.9918813978115072 0.002117896223085069 0.002647370278856336 0.003353335686551359 5666
1000000010010000 0.9853193517635843 0.00038131553860819826 0.014299332697807437 0.0 5245
0000001100110011 0.9942645698427383 0.0003700277520814061 0.0009250693802035153 0.004440333024976873 5405
0000000100010001 0.9939002511661285 0.0007176175098672408 0.0012558306422676714 0.0041263006817366344 5574
0001000000010000 0.9919080757404111 0.0003236769703835572 0.007606408804013595 0.0001618384851917786 6179
0000010110110000 0.9292952037829317 0.0 0.07070479621706822 0.0 4441
0001000000000100 0.8843895525410002 0.0022271714922048997 0.1133832759667949 0.0 4939
0000101000001011 0.9720483005366727 0.025491949910554562 0.0017889087656529517 0.0006708407871198568 4472
0000100110011001 0.9974144789180589 0.0 0.0007955449482895784 0.0017899761336515514 5028
0000101010111011 0.9955346650998825 0.0004700352526439483 0.00023501762632197415 0.0037602820211515863 4255
0010000000000010 0.9825708061002179 0.01437908496732026 0.0023965141612200436 0.00065359477124183 4590
1000000010011001 0.9974369085173501 0.0005914826498422713 0.0001971608832807571 0.001774447949526814 5072
0000000100010000 0.9725869615296014 0.00046072333563695 0.026952315134761574 0.0 4341
1010000010110000 0.9805784251636056 0.0006333122229259025 0.018577158539159807 0.00021110407430863416 4737
0000010100100000 0.9253948462177889 0.0 0.07460515378221114 0.0 4812
1110000010110000 0.99812734082397 0.0006242197253433209 0.0006242197253433209 0.0006242197253433209 4806
0000110010010000 0.9941561477325853 0.0018700327255726976 0.0035063113604488078 0.0004675081813931744 4278
0010000000000100 0.8856063971568192 0.0011106175033318525 0.11306086183918258 0.0002221235006663705 4502
1100000000001001 0.9909128459314333 0.00784799669558034 0.0012391573729863693 0.0 4842
1010000010111011 0.9964693665628245 0.0006230529595015577 0.0010384215991692627 0.001869158878504673 4815
1110000010111011 0.9896663078579118 0.000861141011840689 0.008826695371367061 0.0006458557588805167 4645
0101000000001011 0.9436432637571157 0.05578747628083491 0.0005692599620493358 0.0 5270
1000000000000100 0.8839406207827261 0.001349527665317139 0.11403508771929824 0.0006747638326585695 4446
1000000000001000 0.9363177805800756 0.05926860025220681 0.0029424127784783522 0.0014712063892391761 4758
0000100010011001 0.9955436720142602 0.0006684491978609625 0.00089126559714795 0.002896613190730838 4488
1000000000001001 0.9732488560366068 0.021119324181626188 0.004927842309046111 0.0007039774727208729 2841
0000001000100000 0.985078401618614 0.00025290844714213456 0.014415781487101669 0.00025290844714213456 3954
0100000000010011 0.9744265752702347 0.0018455048774057474 0.023200632744529395 0.0005272871078302136 3793
0000111000001011 0.9971738106453132 0.0011775788977861517 0.0011775788977861517 0.0004710315591144607 4246
0000111010111011 0.9863603732950467 0.011007418042593921 0.00191433357262503 0.0007178750897343862 4179
0100000000100011 0.9783453636868407 0.001110494169905608 0.01943364797334814 0.001110494169905608 3602
1010000010101010 0.9884950248756219 0.0037313432835820895 0.0012437810945273632 0.0065298507462686565 3216
1000000010001000 0.9895833333333334 0.0026785714285714286 0.0017857142857142857 0.005952380952380952 3360
1011000010111011 0.997065536354744 0.00097815454841865 0.00032605151613955004 0.0016302575806977503 3067
0001000000010001 0.9938962360122076 0.001017293997965412 0.0013563919972872161 0.003730077992539844 2949
0010000000000001 0.9483352468427095 0.047455032529659394 0.0030616150019135095 0.001148105625717566 2613
1010000010100000 0.9553879987433239 0.0012566760917373547 0.0430411561420044 0.00031416902293433867 3183
0001000000100000 0.9848723605420737 0.0003151591553734636 0.01481248030255279 0.0 3173
0000111010110000 0.9964471814306016 0.0011842728564661299 0.0023685457129322598 0.0 4222
1011000010110000 0.9977287475665152 0.0003244646333549643 0.001946787800129786 0.0 3082
0000010000110001 0.9773453383677025 0.01829799593377868 0.0034853325588149867 0.0008713331397037467 3443
1001000010011001 0.9996558843771507 0.0 0.00034411562284927734 0.0 2906
0000000100000100 0.8793264733395697 0.002182725288431556 0.11786716557530402 0.0006236357966947302 3207
1001000000000000 0.9996659986639946 0.0 0.0 0.00033400133600534405 2994
0000100010000000 0.9554191137213027 0.0029364655632674853 0.041110517885744796 0.0005339028296849973 3746
1000000000010000 0.9496589801883728 0.0003247807729782397 0.04904189671971419 0.000974342318934719 3079
0001000010000000 0.9532915360501567 0.0006269592476489029 0.04608150470219436 0.0 3190
0100000000110000 0.9712793733681462 0.0007459903021260724 0.02349869451697128 0.004475941812756434 2681
0000010000110010 0.9687595712098009 0.02572741194486983 0.002450229709035222 0.0030627871362940277 3265
0010000000100010 0.9925203252032521 0.0006504065040650406 0.000975609756097561 0.005853658536585366 3075
0010000000010000 0.9859559527609321 0.0006383657835939994 0.013405681455473986 0.0 3133
0011000000110000 0.996822033898305 0.0 0.0031779661016949155 0.0 2832
0000010000000100 0.8790479906359735 0.0007803355442840422 0.11939133827545845 0.0007803355442840422 2563
1100000010011001 0.9597866228970046 0.016823963890028725 0.02256873204759951 0.0008206811653672548 2437
1110000010100001 0.9905862216516902 0.0008557980316645272 0.004278990158322636 0.004278990158322636 2337
0100000010001001 0.9471042471042471 0.006177606177606178 0.04208494208494209 0.004633204633204633 2590
0100000000110011 0.9528892160471107 0.000736105999263894 0.04490246595509753 0.001472211998527788 2717
0001000000001001 0.9618480924046202 0.03430171508575429 0.0035001750087504373 0.00035001750087504374 2857
0000001000000100 0.883030077979948 0.001856665428889714 0.11474192350538433 0.0003713330857779428 2693
1001000010010000 0.9979274611398964 0.0 0.002072538860103627 0.0 2895
0111000000110011 0.9991725279271825 0.0004137360364087712 0.0 0.0004137360364087712 2417
0100000000000100 0.8385593220338983 0.04533898305084746 0.1059322033898305 0.010169491525423728 2360
0010000010000000 0.9464476972509818 0.0003570153516601214 0.053195287397358085 0.0 2801
0100000010101011 0.9438247011952191 0.002390438247011952 0.04900398406374502 0.004780876494023904 2510
0100000010010000 0.9733174034249303 0.0007964954201513341 0.023894862604540025 0.001991238550378335 2511
1101000010011011 0.9971181556195965 0.0008233841086867024 0.0016467682173734047 0.0004116920543433512 2429
0100000000100001 0.9634277518823952 0.010039440659734672 0.022230190032269632 0.004302617425600574 2789
0101000000010011 0.9960331770645511 0.0 0.0032455824017309774 0.000721240533717995 2773
0100000010111011 0.9701551929964186 0.001193792280143255 0.02586549940310386 0.002785515320334262 2513
1110000010101011 0.9540918163672655 0.0023952095808383233 0.04151696606786427 0.001996007984031936 2505
0100000010011001 0.9716828478964401 0.0020226537216828477 0.023058252427184466 0.003236245954692557 2472
0000000110010000 0.9587288485348742 0.0 0.04085843995047462 0.0004127115146512588 2423
0011000000110011 0.9978662873399715 0.0 0.00035561877667140827 0.0017780938833570413 2812
0000010010011000 0.9652022618529795 0.025228360156589823 0.004784688995215311 0.004784688995215311 2299
0000000110000000 0.8864711447492905 0.0014191106906338694 0.11116367076631978 0.000946073793755913 2114
0000010100100001 0.9926881720430107 0.0017204301075268817 0.002150537634408602 0.0034408602150537634 2325
1000000000000010 0.9704861111111112 0.02734375 0.0013020833333333333 0.0008680555555555555 2304
0100000010110000 0.9651527016444792 0.0 0.03445575567736883 0.00039154267815191856 2554
0000001100110000 0.995289079229122 0.0008565310492505353 0.003854389721627409 0.0 2335
0000010000100001 0.9813322019516334 0.0021213406873143827 0.011455239711497667 0.005091217649554518 2357
0000101010100000 0.9617021276595744 0.002127659574468085 0.036170212765957444 0.0 2350
0000100010010000 0.974645466265578 0.0004297378599054577 0.024924795874516546 0.0 2327
1010000000001010 0.958016793282687 0.040383846461415435 0.0011995201919232307 0.00039984006397441024 2501
0001000000000010 0.9480265728800312 0.04884720593982024 0.0015631105900742479 0.0015631105900742479 2559
1000000000100000 0.9831523773867465 0.0 0.01684762261325346 0.0 2671
0001000000001011 0.9699121027721433 0.02805949966193374 0.002028397565922921 0.0 2958
0000010000011000 0.9459459459459459 0.029983108108108107 0.018158783783783782 0.0059121621621621625 2368
0111000000110000 0.9974789915966387 0.0 0.0016806722689075631 0.0008403361344537816 2380
0000010000110011 0.9641025641025641 0.03353057199211045 0.0003944773175542406 0.0019723865877712033 2535
0000011100110011 0.9967904630903255 0.002751031636863824 0.0 0.0004585052728106373 2181
0000010000110100 0.8821590440873507 0.0012360939431396785 0.1161928306551298 0.00041203131437989287 2427
1111000010111011 0.9979830576845502 0.0 0.0012101653892698668 0.0008067769261799112 2479
0011000000000011 0.9935327405012127 0.005254648342764754 0.0008084074373484236 0.0004042037186742118 2474
1000000000000001 0.9253048780487805 0.07164634146341463 0.001524390243902439 0.001524390243902439 2624
0000110000001001 0.9708994708994709 0.003527336860670194 0.023809523809523808 0.001763668430335097 2268
0100000010000001 0.9551957831325302 0.010542168674698794 0.03313253012048193 0.0011295180722891566 2656
0101000000010010 0.994899960768929 0.003138485680659082 0.001569242840329541 0.00039231071008238524 2549
1100000010010010 0.9794979079497907 0.01882845188284519 0.0012552301255230125 0.00041841004184100416 2390
0001000000001000 0.8594513340849305 0.1360390830514844 0.0018789928598271326 0.0026305900037579856 2661
0000010000010010 0.9600329625051504 0.018953440461475072 0.016481252575195716 0.004532344458178822 2427
1101000010010010 0.9982471516213848 0.00043821209465381246 0.0013146362839614374 0.0 2282
0000111000011010 0.9878404669260701 0.007782101167315175 0.0024319066147859923 0.0019455252918287938 2056
1100000010000001 0.9886319090552724 0.0035280282242257936 0.005488043904351235 0.002352018816150529 2551
0000110010111001 0.9762665449566408 0.003651300775901415 0.01734367868553172 0.0027384755819260614 2191
0000010000001001 0.9708614864864865 0.024070945945945946 0.002533783783783784 0.002533783783783784 2368
0000110010011001 0.9599640125955915 0.014844804318488529 0.023391812865497075 0.001799370220422852 2223
0000011100000011 0.9973262032085561 0.001336898395721925 0.000445632798573975 0.00089126559714795 2244
0000101010110000 0.9786071916249431 0.0 0.021392808375056895 0.0 2197
0000010010000000 0.8285559762033532 0.0005408328826392645 0.17090319091400757 0.0 1849
0000110110111001 0.9966730038022814 0.0009505703422053232 0.0014258555133079848 0.0009505703422053232 2104
0110000000100001 0.9934715821812596 0.002688172043010753 0.002688172043010753 0.001152073732718894 2604
0100000000010000 0.8819652486518874 0.0341521869382864 0.08208508088675853 0.0017974835230677051 1669
0000011000110010 0.992382564536606 0.003808717731696995 0.0021159542953872196 0.0016927634363097758 2363
0000010000001011 0.9576307825335063 0.03631647211413749 0.0038910505836575876 0.00216169476869866 2313
0000111110111011 0.9963218390804598 0.0022988505747126436 0.0009195402298850574 0.0004597701149425287 2175
1010000000001011 0.9783568904593639 0.02075971731448763 0.00044169611307420494 0.00044169611307420494 2264
0100000000000111 0.8685612788632326 0.016429840142095916 0.10346358792184725 0.011545293072824156 2252
1111000010110000 0.9950083194675541 0.00041597337770382697 0.0029118136439267887 0.0016638935108153079 2404
0000010010111010 0.9616295594504974 0.023685457129322594 0.0071056371387967785 0.007579346281383231 2111
0000001000010000 0.9254302103250478 0.0 0.0745697896749522 0.0 2092
0000111100001011 0.9950248756218906 0.003165988240615106 0.0013568521031207597 0.0004522840343735866 2211
0010000001000000 0.9922206506364922 0.0049504950495049506 0.0021216407355021216 0.0007072135785007072 1414
0000010000011010 0.9449035812672176 0.04086317722681359 0.010560146923783287 0.0036730945821854912 2178
1100000010011011 0.9793939393939394 0.016565656565656565 0.0024242424242424242 0.0016161616161616162 2475
0000100000000100 0.8694779116465864 0.004819277108433735 0.12369477911646587 0.002008032128514056 2490
0000000110110000 0.9640135478408128 0.0 0.03598645215918713 0.0 2362
0110000000100011 0.9958412098298677 0.0007561436672967864 0.002268431001890359 0.0011342155009451795 2645
0000000100100000 0.94234404536862 0.000945179584120983 0.05623818525519849 0.0004725897920604915 2116
0010000000001000 0.8873239436619719 0.10607394366197183 0.00528169014084507 0.0013204225352112676 2272
0000100000100000 0.9698403311649911 0.0 0.028385570668243643 0.0017740981667652277 1691
0000011000010010 0.9950672645739911 0.0017937219730941704 0.0008968609865470852 0.002242152466367713 2230
0000010010111011 0.9705749207786328 0.017202354006337708 0.006790402897238569 0.005432322317790856 2209
0000010010011001 0.971824686940966 0.018783542039355994 0.004472271914132379 0.004919499105545617 2236
0100000000100000 0.8996610169491526 0.03864406779661017 0.06033898305084746 0.0013559322033898306 1475
0000110010011000 0.9748373101952278 0.02212581344902386 0.0013015184381778742 0.0017353579175704988 2305
0001000001000000 0.9862068965517241 0.010658307210031349 0.0025078369905956114 0.0006269592476489029 1595
0000010100110001 0.9924812030075187 0.004594820384294068 0.0020885547201336674 0.000835421888053467 2394
0000111010111010 0.9583714547118024 0.03979871912168344 0.0009149130832570906 0.0009149130832570906 2186
0100000000010010 0.9855403348554034 0.008751902587519025 0.0015220700152207 0.004185692541856925 2628
0000010000000011 0.9741277930223442 0.01920815366522932 0.0027440219521756176 0.003920031360250882 2551
1100000010001001 0.9735282497036745 0.0007902015013828526 0.024891347293559858 0.0007902015013828526 2531
0000100000010000 0.9047125841532885 0.0 0.09476954945624029 0.0005178663904712584 1931
1000000001000000 0.9914651493598862 0.007112375533428165 0.0 0.001422475106685633 1406
0000110000101001 0.9735194992778046 0.0014443909484833895 0.02262879152623977 0.002407318247472316 2077
0000001010000000 0.9368658399098083 0.0 0.06313416009019165 0.0 1774
0000110000011000 0.9850154252974879 0.006610841780520053 0.004847950639048039 0.0035257822829440283 2269
0100000010000000 0.8773259820813232 0.031013094417643005 0.08959338387319091 0.002067539627842867 1451
0100000010000011 0.9126050420168067 0.0226890756302521 0.06302521008403361 0.0016806722689075631 1190
1100000010010000 0.9748 0.0176 0.0056 0.002 2500
0000010000000001 0.893125 0.063125 0.039375 0.004375 1600
0000010000001000 0.8572399728076139 0.09789259007477906 0.04078857919782461 0.004078857919782461 1471
0100000010100001 0.9464720194647201 0.0036496350364963502 0.0494728304947283 0.00040551500405515005 2466
0000110100101001 0.99667616334283 0.0004748338081671415 0.0023741690408357074 0.0004748338081671415 2106
0010000001000011 0.9907048799380326 0.0077459333849728895 0.001549186676994578 0.0 1291
0100000000000101 0.4520547945205479 0.37308622078968573 0.11281224818694602 0.062046736502820304 1241
1000000001000011 0.9907251264755481 0.007588532883642495 0.0008431703204047217 0.0008431703204047217 1186
0000000100001000 0.878343949044586 0.11464968152866242 0.0031847133757961785 0.003821656050955414 1570
0000100000000010 0.9490968801313628 0.0451559934318555 0.003284072249589491 0.0024630541871921183 1218
0000010000000010 0.8999264164827079 0.04562178072111847 0.052980132450331126 0.0014716703458425313 1359
0000010001000000 0.9480122324159022 0.0050968399592252805 0.04383282364933741 0.0030581039755351682 981
0100000001000011 0.967373572593801 0.030179445350734094 0.0016313213703099511 0.0008156606851549756 1226
0001000000001010 0.7087294727744166 0.2808988764044944 0.007778738115816767 0.0025929127052722557 1157
1000000000000101 0.8233117483811286 0.024051803885291396 0.1396854764107308 0.012950971322849213 1081
0000010000111000 0.8622366288492707 0.11345218800648298 0.02188006482982172 0.0024311183144246355 1234
0000000100000010 0.956493078444298 0.04218852999340804 0.0006591957811470006 0.0006591957811470006 1517
1100000000000011 0.9747899159663865 0.025210084033613446 0.0 0.0 1309
0010000000000101 0.8376421923474664 0.02171664943123061 0.13236814891416754 0.008273009307135471 967
0000001000001000 0.8690728945506015 0.12668082094833688 0.0028308563340410475 0.0014154281670205238 1413
0100000001000000 0.9915057915057915 0.0069498069498069494 0.0007722007722007722 0.0007722007722007722 1295
0000100100000000 0.9965870307167235 0.0008532423208191126 0.002559726962457338 0.0 1172
0001000000000101 0.8292873923257635 0.021143304620203602 0.13625685199686766 0.01331245105716523 1277
0000010100010000 0.552423900789177 0.002254791431792559 0.44532130777903045 0.0 887
0001000001000011 0.9927953890489913 0.004322766570605188 0.002881844380403458 0.0 1388
0100000000001000 0.7004461440407903 0.29381771829190567 0.0019120458891013384 0.0038240917782026767 1569
0000000101000000 0.978021978021978 0.017982017982017984 0.002997002997002997 0.000999000999000999 1001
0000000100110000 0.8597914252607184 0.0 0.13904982618771727 0.0011587485515643105 863
0000100000000001 0.9296875 0.061197916666666664 0.00390625 0.005208333333333333 1536
0010000000001010 0.7518939393939394 0.23106060606060605 0.011363636363636364 0.005681818181818182 1056
0000001001000000 0.9832335329341317 0.011976047904191617 0.004790419161676647 0.0 835
0000001000000001 0.9544592030360531 0.0392156862745098 0.004427577482605946 0.0018975332068311196 1581
0101000000000111 0.8596750369276218 0.01772525849335303 0.1137370753323486 0.008862629246676515 677
0000001000001010 0.6855263157894737 0.3105263157894737 0.002631578947368421 0.0013157894736842105 760
0000100001000000 0.9879663056558363 0.00842358604091456 0.0036101083032490976 0.0 831
0000000100000101 0.8438202247191011 0.021348314606741574 0.12696629213483146 0.007865168539325843 890
0101000000010000 0.879837067209776 0.09164969450101833 0.028513238289205704 0.0 491
0101000000000001 0.6098081023454158 0.38486140724946694 0.0031982942430703624 0.0021321961620469083 938
0000001001000011 0.9874213836477987 0.010062893081761006 0.0025157232704402514 0.0 795
0000010010100000 0.5086206896551724 0.0 0.49137931034482757 0.0 812
1000000000001010 0.711864406779661 0.2740112994350282 0.006591337099811676 0.007532956685499058 1062
0000000100001010 0.7321688500727802 0.25181950509461426 0.013100436681222707 0.002911208151382824 687
0000110000110000 0.9756782039289055 0.0009354536950420954 0.023386342376052385 0.0 1069
0010000000000011 0.9184100418410042 0.07531380753138076 0.0041841004184100415 0.0020920502092050207 956
0000000100000011 0.8396946564885496 0.15572519083969466 0.0015267175572519084 0.0030534351145038168 655
0001000000000011 0.8956310679611651 0.09951456310679611 0.003236245954692557 0.0016181229773462784 1236
0100000000000110 0.552 0.263 0.093 0.092 1000
0001000000001110 0.42958579881656805 0.29704142011834317 0.2556213017751479 0.01775147928994083 845
0101000000000100 0.8530670470756063 0.039942938659058486 0.09700427960057062 0.009985734664764621 701
0000000101000011 0.989841986455982 0.006772009029345372 0.003386004514672686 0.0 886
0000010001110000 0.9683877766069547 0.008429926238145416 0.022128556375131718 0.001053740779768177 949
1000000000001100 0.4838709677419355 0.20967741935483872 0.23945409429280398 0.06699751861042183 806
0100000001000010 0.3466135458167331 0.649402390438247 0.00398406374501992 0.0 502
0110000000000100 0.7824074074074074 0.09953703703703703 0.10416666666666667 0.013888888888888888 432
0010000000001100 0.44505494505494503 0.2087912087912088 0.24313186813186813 0.10302197802197802 728
0010000010100000 0.7573221757322176 0.001394700139470014 0.2412831241283124 0.0 717
0000010000000101 0.7937007874015748 0.050393700787401574 0.13700787401574804 0.01889763779527559 635
0000100000001010 0.6749654218533887 0.31258644536652835 0.008298755186721992 0.004149377593360996 723
0001000001000001 0.1393596986817326 0.8493408662900188 0.0018832391713747645 0.009416195856873822 531
0001000000110000 0.8805031446540881 0.0 0.11949685534591195 0.0 636
0010000000110000 0.82174688057041 0.0 0.17825311942959002 0.0 561
0001000000000111 0.8941176470588236 0.058823529411764705 0.021568627450980392 0.025490196078431372 510
0000011000100000 0.45278969957081544 0.0 0.5472103004291845 0.0 466
0000010001110011 0.9792626728110599 0.010368663594470046 0.008064516129032258 0.002304147465437788 868
1000000001000001 0.07741935483870968 0.9161290322580645 0.002150537634408602 0.004301075268817204 465
0101000000000110 0.6422018348623854 0.13990825688073394 0.12844036697247707 0.08944954128440367 436
1101000000000000 0.9917355371900827 0.008264462809917356 0.0 0.0 484
0001000000000110 0.6545961002785515 0.04874651810584958 0.2827298050139276 0.013927576601671309 718
0100000000001101 0.4827586206896552 0.2827586206896552 0.08793103448275862 0.14655172413793102 580
0001000000001100 0.4661746617466175 0.23493234932349324 0.22755227552275523 0.07134071340713408 813
0000010001000001 0.07308970099667775 0.8272425249169435 0.019933554817275746 0.07973421926910298 301
0010000000000110 0.7023319615912208 0.023319615912208505 0.262002743484225 0.012345679012345678 729
0000100001000011 0.9717514124293786 0.01977401129943503 0.00423728813559322 0.00423728813559322 708
0000010000111010 0.6515397082658023 0.2560777957860616 0.07941653160453808 0.012965964343598054 617
0000010000110101 0.82 0.028333333333333332 0.13666666666666666 0.015 600
0100000000001111 0.5519053876478318 0.2325886990801577 0.11038107752956636 0.10512483574244415 761
0011000000010000 0.8378378378378378 0.002079002079002079 0.1600831600831601 0.0 481
1000000000110000 0.930715935334873 0.0023094688221709007 0.06697459584295612 0.0 433
0000111000110000 0.8461538461538461 0.0019723865877712033 0.14990138067061143 0.0019723865877712033 507
1000000000001110 0.38 0.31857142857142856 0.29428571428571426 0.007142857142857143 700
1010000000010000 0.9254498714652957 0.007712082262210797 0.06683804627249357 0.0 389
0000010001000011 0.9409761634506243 0.004540295119182747 0.05221339387060159 0.0022701475595913734 881
1010000010000000 0.8061420345489443 0.003838771593090211 0.19001919385796545 0.0 521
0101000000100011 0.9662921348314607 0.0044943820224719105 0.029213483146067417 0.0 445
0000101010001010 0.3959731543624161 0.09395973154362416 0.4966442953020134 0.013422818791946308 298
0000010010011010 0.2593984962406015 0.18421052631578946 0.5300751879699248 0.02631578947368421 266
0000001000001100 0.47959183673469385 0.21224489795918366 0.23673469387755103 0.07142857142857142 490
0000001000000011 0.770739064856712 0.21568627450980393 0.007541478129713424 0.006033182503770739 663
0000001001000001 0.056666666666666664 0.9366666666666666 0.0 0.006666666666666667 300
0000010000001010 0.622257053291536 0.30250783699059564 0.07053291536050156 0.004702194357366771 638
0000010000010001 0.5490605427974948 0.11064718162839249 0.3235908141962422 0.016701461377870562 479
1010000000000100 0.8801431127012522 0.01073345259391771 0.1073345259391771 0.0017889087656529517 559
0000001010100000 0.7530864197530864 0.0 0.24691358024691357 0.0 486
0100000000001010 0.4896265560165975 0.4948132780082988 0.008298755186721992 0.007261410788381743 964
0010000000001001 0.9389763779527559 0.04330708661417323 0.017716535433070866 0.0 508
0000010001010000 0.465324384787472 0.026845637583892617 0.5033557046979866 0.0044742729306487695 447
0001000001100000 0.898876404494382 0.02247191011235955 0.07865168539325842 0.0 267
0000101100001111 0.8582375478927203 0.0038314176245210726 0.13793103448275862 0.0 261
1110000000000011 0.8599605522682445 0.13806706114398423 0.0019723865877712033 0.0 507
0000010000000111 0.884393063583815 0.06936416184971098 0.02023121387283237 0.02601156069364162 346
0000011000000100 0.9123867069486404 0.0030211480362537764 0.08459214501510574 0.0 331
1000000011100001 0.035175879396984924 0.9095477386934674 0.01507537688442211 0.04020100502512563 199
0000010000001100 0.45647058823529413 0.21411764705882352 0.24 0.08941176470588236 425
0110000000000010 0.5131313131313131 0.4767676767676768 0.00404040404040404 0.006060606060606061 495
1001000010000000 0.589041095890411 0.0 0.4063926940639269 0.0045662100456621 219
0100000001010011 0.8916256157635468 0.06157635467980296 0.04433497536945813 0.0024630541871921183 406
1000000000000011 0.9352226720647774 0.059379217273954114 0.005398110661268556 0.0 741
0000000100100001 0.6507936507936508 0.1388888888888889 0.20634920634920634 0.003968253968253968 252
0000010100000100 0.875 0.0 0.125 0.0 528
0111000000100011 0.7789473684210526 0.007017543859649123 0.21052631578947367 0.0035087719298245615 285
0000101000000010 0.7294117647058823 0.26588235294117646 0.002352941176470588 0.002352941176470588 425
0001000001110000 0.9407114624505929 0.0 0.04743083003952569 0.011857707509881422 253
0001000010100000 0.8003246753246753 0.0 0.19967532467532467 0.0 616
0000101100000000 1.0 0.0 0.0 0.0 378
0110000000001001 0.7984084880636605 0.1909814323607427 0.007957559681697613 0.002652519893899204 377
0100000000101011 0.6083086053412463 0.20474777448071216 0.17210682492581603 0.01483679525222552 337
0000001000110000 0.8865979381443299 0.0 0.1134020618556701 0.0 582
0000111000001010 0.46996466431095407 0.3462897526501767 0.18021201413427562 0.0035335689045936395 283
0000010110010000 0.5264797507788161 0.003115264797507788 0.470404984423676 0.0 321
1110000000001001 0.6676136363636364 0.32386363636363635 0.005681818181818182 0.002840909090909091 352
1000000010100000 0.7184615384615385 0.006153846153846154 0.2753846153846154 0.0 650
0000010100110100 0.8513513513513513 0.003861003861003861 0.14478764478764478 0.0 518
1010000010010000 0.5019762845849802 0.011857707509881422 0.48221343873517786 0.003952569169960474 253
1000000000000111 0.8948655256723717 0.0488997555012225 0.03178484107579462 0.02444987775061125 409
0000001100010000 0.7841191066997518 0.0024813895781637717 0.21339950372208435 0.0 403
0100000010100000 0.580568720379147 0.0924170616113744 0.31990521327014215 0.0071090047393364926 422
1100000000001011 0.737527114967462 0.25813449023861174 0.0 0.004338394793926247 461
0000001100000100 0.8979591836734694 0.0 0.10204081632653061 0.0 441
0000100110001001 0.481994459833795 0.036011080332409975 0.4792243767313019 0.002770083102493075 361
0000000101000001 0.2247191011235955 0.7668539325842697 0.0028089887640449437 0.0056179775280898875 356
0001000000011001 0.6402116402116402 0.30158730158730157 0.0582010582010582 0.0 189
0111000000000010 0.6375321336760925 0.36246786632390743 0.0 0.0 389
0010000000001011 0.9223826714801444 0.061371841155234655 0.007220216606498195 0.009025270758122744 554
0100000010001011 0.48370927318295737 0.2957393483709273 0.20802005012531327 0.012531328320802004 399
0000100000000101 0.8226086956521739 0.034782608695652174 0.12869565217391304 0.01391304347826087 575
0000001000000110 0.7414104882459313 0.018083182640144666 0.2332730560578662 0.007233273056057866 553
0000000100001001 0.7552301255230126 0.22594142259414227 0.014644351464435146 0.0041841004184100415 478
0000000100001110 0.4363256784968685 0.2797494780793319 0.267223382045929 0.016701461377870562 479
0000001110000011 0.8198757763975155 0.055900621118012424 0.12422360248447205 0.0 161
0000100000000011 0.8861985472154964 0.1016949152542373 0.004842615012106538 0.007263922518159807 413
0100000001010000 0.9034653465346535 0.009900990099009901 0.08415841584158416 0.0024752475247524753 404
0000010010110100 0.759375 0.01875 0.21875 0.003125 320
0000010110100000 0.4840764331210191 0.0 0.5127388535031847 0.0031847133757961785 314
0000001000110010 0.4010416666666667 0.052083333333333336 0.5364583333333334 0.010416666666666666 192
0000100000001100 0.540785498489426 0.20694864048338368 0.19788519637462235 0.054380664652567974 662
1000000000010001 0.9113924050632911 0.02109704641350211 0.02531645569620253 0.04219409282700422 237
0000100000001110 0.3844282238442822 0.36009732360097324 0.2360097323600973 0.019464720194647202 411
0000110000000100 0.8932806324110671 0.0 0.1067193675889328 0.0 253
0000001000010010 0.6655518394648829 0.1505016722408027 0.17725752508361203 0.006688963210702341 299
0000000100000111 0.8466257668711656 0.09202453987730061 0.024539877300613498 0.03680981595092025 326
0000000100110001 0.32051282051282054 0.05128205128205128 0.6111111111111112 0.017094017094017096 234
0000010000110111 0.8354430379746836 0.09177215189873418 0.05063291139240506 0.022151898734177215 316
0010000001110000 0.95 0.004545454545454545 0.03636363636363636 0.00909090909090909 220
0000010010001000 0.6303317535545023 0.02843601895734597 0.27014218009478674 0.07109004739336493 211
0000100100011001 0.6198830409356725 0.02046783625730994 0.347953216374269 0.011695906432748537 342
0000010000010100 0.7955056179775281 0.008988764044943821 0.19101123595505617 0.0044943820224719105 445
0101000000001001 0.5566750629722922 0.4357682619647355 0.0025188916876574307 0.005037783375314861 397
0100000001100000 0.7985865724381626 0.0176678445229682 0.17314487632508835 0.01060070671378092 283
0110000000010000 0.8925925925925926 0.05555555555555555 0.04814814814814815 0.003703703703703704 270
0000100000001011 0.745049504950495 0.25 0.0024752475247524753 0.0024752475247524753 404
0000001100000001 0.7009803921568627 0.2916666666666667 0.0024509803921568627 0.004901960784313725 408
0011000000001000 0.8120805369127517 0.18120805369127516 0.006711409395973154 0.0 298
0000011110110000 0.4364406779661017 0.0 0.5635593220338984 0.0 236
0000110010110000 0.5885714285714285 0.002857142857142857 0.4085714285714286 0.0 350
0000010000001110 0.3642691415313225 0.345707656612529 0.2691415313225058 0.02088167053364269 431
0000101000001000 0.6975169300225733 0.2979683972911964 0.0 0.004514672686230248 443
1100000000001000 0.592741935483871 0.39919354838709675 0.004032258064516129 0.004032258064516129 248
0000100000001101 0.6290909090909091 0.17454545454545456 0.17454545454545456 0.02181818181818182 275
0110000000000101 0.6204986149584487 0.18005540166204986 0.14958448753462603 0.04986149584487535 361
1000000001001011 0.844632768361582 0.14124293785310735 0.011299435028248588 0.002824858757062147 354
0100000000001100 0.3612167300380228 0.35361216730038025 0.20912547528517111 0.07604562737642585 526
0000000100001100 0.444007858546169 0.22986247544204322 0.2475442043222004 0.07858546168958742 509
0000010010111000 0.410958904109589 0.16986301369863013 0.4054794520547945 0.0136986301369863 365
0000110100111001 0.7319587628865979 0.02577319587628866 0.2422680412371134 0.0 194
0101000000001111 0.6415094339622641 0.18238993710691823 0.09119496855345911 0.08490566037735849 318
1100000010000000 0.6080246913580247 0.16358024691358025 0.2222222222222222 0.006172839506172839 324
0000100001100000 0.9041095890410958 0.0273972602739726 0.0684931506849315 0.0 146
1000000001100011 0.956140350877193 0.0043859649122807015 0.02631578947368421 0.013157894736842105 228
0001000001010000 0.937799043062201 0.03827751196172249 0.023923444976076555 0.0 418
0000001000001110 0.39592760180995473 0.3031674208144796 0.2737556561085973 0.027149321266968326 442
0010000000010001 0.921875 0.046875 0.0078125 0.0234375 256
0000011100110100 0.9170305676855895 0.004366812227074236 0.07860262008733625 0.0 229
0010000000001110 0.41847826086956524 0.31521739130434784 0.24864130434782608 0.017663043478260868 736
0000111000000001 0.7513227513227513 0.1693121693121693 0.06878306878306878 0.010582010582010581 189
0100000010110001 0.18461538461538463 0.36923076923076925 0.4256410256410256 0.020512820512820513 195
0100000000010001 0.6463157894736842 0.25473684210526315 0.08 0.018947368421052633 475
0000010011100000 0.4713656387665198 0.030837004405286344 0.4889867841409692 0.00881057268722467 227
0101000010000011 0.9245810055865922 0.027932960893854747 0.0446927374301676 0.002793296089385475 358
0000110110011001 0.6971428571428572 0.005714285714285714 0.26857142857142857 0.02857142857142857 175
0000001100100000 0.8790931989924433 0.0 0.12090680100755667 0.0 397
1000000001011011 0.8613138686131386 0.08759124087591241 0.043795620437956206 0.0072992700729927005 137
1010000000001000 0.7047619047619048 0.28095238095238095 0.004761904761904762 0.009523809523809525 420
1000000001010011 0.9497354497354498 0.013227513227513227 0.0291005291005291 0.007936507936507936 378
0100000010010010 0.42696629213483145 0.2752808988764045 0.2696629213483146 0.028089887640449437 178
0000010000111011 0.6139240506329114 0.1962025316455696 0.18670886075949367 0.0031645569620253164 316
0101000000001010 0.4527363184079602 0.5323383084577115 0.009950248756218905 0.004975124378109453 402
0000100001000001 0.07326007326007326 0.9157509157509157 0.0 0.01098901098901099 273
0010000010001000 0.9244444444444444 0.035555555555555556 0.013333333333333334 0.02666666666666667 225
0000100010110000 0.7593984962406015 0.0 0.23684210526315788 0.0037593984962406013 266
1000000000000110 0.6630094043887147 0.03134796238244514 0.2993730407523511 0.006269592476489028 638
0110000010000000 0.9314516129032258 0.016129032258064516 0.04838709677419355 0.004032258064516129 248
0011000000000010 0.841025641025641 0.1564102564102564 0.002564102564102564 0.0 390
0010000001100011 0.9611307420494699 0.01060070671378092 0.024734982332155476 0.0035335689045936395 283
0000111000010010 0.8108108108108109 0.1783783783783784 0.0 0.010810810810810811 185
1000000000001011 0.8675373134328358 0.11940298507462686 0.007462686567164179 0.005597014925373134 536
0000010000111110 0.4124293785310734 0.2824858757062147 0.2853107344632768 0.01977401129943503 354
0000010110110100 0.831081081081081 0.0 0.16891891891891891 0.0 148
0000100000000110 0.6282051282051282 0.07692307692307693 0.2692307692307692 0.02564102564102564 390
