000000000000000000000000 0.9996518112534493 2.783864338313845e-05 0.000310202026269257 1.0148076898286922e-05 7292022
000001000000000000000000 0.9996860895830572 4.1854722259038875e-05 0.00026507990764057954 6.975787043173146e-06 143353
010000000000000000000000 0.9994954259263322 0.00013162801921769081 0.0003436953835128593 2.9250670937264625e-05 136749
000100000000000000000000 0.9994347263843396 0.00018584338049109112 0.00036394328679505345 1.5486948374257595e-05 129141
000000100000000000000000 0.9991163475699558 0.0004226163795863482 0.0004610360504578344 0.0 78085
000000000010000000000000 0.9995293265749456 4.827419744146753e-05 0.0004103306782524741 1.2068549360366883e-05 82860
000000001000000000000000 0.9990845572892126 0.00039040939136522125 0.00048464614100510227 4.0387178417091856e-05 74281
000000000001000101000000 0.9980948659078697 0.0 0.0019051340921303307 0.0 61413
000000000001000000000000 0.9982560792750506 6.519329812895235e-05 0.0016461307777560466 3.2596649064476175e-05 61356
000000010000000000000000 0.9789680456539042 6.773576278935871e-05 0.02093035070191184 3.3867881394679355e-05 59053
000000010000000100000000 0.9801811908282766 5.09917903217582e-05 0.01973382285452042 3.399452688117213e-05 58833
000000000100010000000000 0.9790141096624397 5.3580996606536885e-05 0.020914449008751564 1.786033220217896e-05 55990
000000000100000000000000 0.9773990034770764 0.00017923074165680897 0.02238591963293544 3.5846148331361796e-05 55794
001000000000000000000000 0.9805584464471557 0.01884369256659507 0.00048714598879564223 0.00011071499745355505 45161
000010000000000000001010 0.9980685560931972 0.00158581710242752 0.0003049648273899077 4.066197698532103e-05 49186
100000000000000000001000 0.981509754028838 0.017811704834605598 0.0006149279050042408 6.361323155216285e-05 47160
000010000000000000000000 0.9982050299497812 0.0015126152108585604 0.00026218663654881716 2.0168202811447474e-05 49583
100000000000000000000000 0.9829929835584879 0.016253010786469787 0.0006073934443397214 0.0001466122107026914 47745
001000000000000000100000 0.9838268894762779 0.01563550020160387 0.0004480086017651539 8.960172035303078e-05 44642
000011000000000000001010 0.9941702550513415 0.005432262338522689 0.00039748261013580657 0.0 15095
110000000000000000001000 0.9821441075554933 0.017295707583502556 0.0004901617533786149 7.002310762551643e-05 14281
000011000000000000000000 0.9930523390458545 0.0058228015615695095 0.001058691193012638 6.616819956328988e-05 15113
110000000000000000000000 0.9828038674033149 0.016505524861878455 0.0005524861878453039 0.00013812154696132598 14480
001100000000000000100000 0.9839696881375692 0.01537452637714952 0.0005829204313611193 7.28650539201399e-05 13724
000000000011000000000000 0.9935688826902216 0.0 0.0064311173097783975 0.0 12906
000000110000000000000000 0.9758743523316062 0.00024287564766839378 0.02388277202072539 0.0 12352
000000001100010000000000 0.9788007268322229 0.00043263822791381846 0.020766634939863287 0.0 11557
001100000000000000000000 0.9783243322142753 0.02101882936797548 0.0005108743249160706 0.00014596409283316303 13702
000000110000000100000000 0.9805386763015274 0.00016423057973394647 0.019297093118738708 0.0 12178
000000000011000101000000 0.991367704126079 0.0 0.008553100498930863 7.919537499010058e-05 12627
000000001100000000000000 0.9769879826131425 0.000767067246228586 0.0220744907525782 0.0001704593880507969 11733
000000000010000000101010 0.972183426443203 0.02723463687150838 0.0005819366852886406 0.0 8592
000000000001000001000000 0.802939015429831 0.00014695077149155033 0.1967670830271859 0.00014695077149155033 6805
000000000010000000001010 0.9631236442516269 0.03571945046999277 0.001012292118582791 0.00014461315979754158 6915
000000000010000000100010 0.9623266078184111 0.03656998738965952 0.0009457755359394704 0.00015762925598991173 6344
100000000000000000100000 0.9593608891976381 0.03872872525182355 0.0013893713094824591 0.0005210142410559222 5758
000000100000000000101000 0.9522237938079522 0.0462046204620462 0.0012572685840012573 0.0003143171460003143 6363
001000000000000000001000 0.9346299297676931 0.06212857914640735 0.002881325409688457 0.0003601656762110571 5553
000010000000000000000010 0.8697964144636888 0.12822850197508356 0.0015192950470981465 0.00045578851412944393 6582
000000001000000000001000 0.8718949609652236 0.12366926898509581 0.003371185237757275 0.0010645848119233499 5636
000011000000000000100000 0.9441462929835023 0.05426356589147287 0.000795070562512423 0.000795070562512423 5031
000100000000000100000000 0.9051027900146843 0.0012848751835535977 0.09324522760646109 0.0003671071953010279 5448
000000100000000000100000 0.8873072360616845 0.11184544992374174 0.0006778512116590408 0.0001694628029147602 5901
000000000010000000000010 0.9532053479602332 0.0454233801851217 0.0011998628728145354 0.00017140898183064793 5834
000000000001010000000000 0.7616839762611276 0.000185459940652819 0.2381305637982196 0.0 5392
000000000100000100000000 0.9463490218865 0.0025179159403447607 0.05113306217315514 0.0 5163
000001000000000001000000 0.9753951149425287 0.0 0.02442528735632184 0.00017959770114942528 5568
000100000000000101000000 0.9636942675159236 0.0 0.03630573248407643 0.0 4710
000010000000000000100000 0.8504084411164057 0.14788972089857044 0.0008509189925119128 0.0008509189925119128 5876
000011000000000000000010 0.9522836984775344 0.046973635350909766 0.0003713330857779428 0.0003713330857779428 5386
001100000000000000001010 0.9809788912085363 0.017629320343307817 0.0013917884481558804 0.0 4311
010000000000010101101010 0.9954038082731451 0.0008754650908295032 0.001094331363536879 0.0026263952724885093 4569
010000000000010101000000 0.9676068752754517 0.00022036139268400177 0.03195240193918025 0.00022036139268400177 4538
000100000000000000001000 0.8657650383528462 0.1285829632620105 0.0044408558740411785 0.0012111425111021397 4954
000000100000000000101010 0.9623971797884842 0.03525264394829612 0.0018801410105757932 0.0004700352526439483 4255
000000010000010000000000 0.9633858981330433 0.001993837230378829 0.03443900670654341 0.00018125793003443902 5517
000100000000010101101010 0.9942022263450835 0.00023191094619666049 0.0011595547309833025 0.004406307977736549 4312
000100000000010100000000 0.9489594742606791 0.0008762322015334064 0.04994523548740416 0.0002190580503833516 4565
010000000000000000100000 0.9353312302839116 0.059739747634069404 0.003548895899053628 0.0013801261829652998 5072
000100000000000101001010 0.9944341372912802 0.0006957328385899814 0.0006957328385899814 0.004174397031539889 4312
010000000000010000000000 0.9496866936970144 0.00018429782528566163 0.050129008477699966 0.0 5426
000001000000000000000010 0.9752892724063542 0.02314179250833497 0.001176701313983134 0.0003922337713277113 5099
000000000010000001000010 0.9907735982966643 0.0021291696238466998 0.0026023184291459663 0.004494913650343033 4227
110000000000000000100000 0.97198710197501 0.026400644901249496 0.0012091898428053204 0.00040306328093510683 4962
010000000000010001000000 0.9696842985573908 0.0006272214091574326 0.029688480033451807 0.0 4783
000000001000000000101010 0.962432915921288 0.03603373370815231 0.001277791975466394 0.0002555583950932788 3913
001100000000000000001000 0.9656276686592656 0.03351836037574722 0.0008539709649871904 0.0 4684
000000001100000100000000 0.9678795483061481 0.0027603513174404015 0.029360100376411544 0.0 3985
110000000000000000100010 0.9809443150539912 0.018208765615075163 0.0006351894982002964 0.00021172983273343214 4723
001000000000000000001010 0.979582875960483 0.01778265642151482 0.002414928649835346 0.0002195389681668496 4555
000000100000010101101010 0.9960886571056062 0.0 0.0015645371577574967 0.002346805736636245 3835
100000000000000000100010 0.9801421404682275 0.018185618729096988 0.0016722408026755853 0.0 4784
000000100000010000000000 0.9552393272962484 0.0015523932729624838 0.043208279430789136 0.0 3865
000000010000010001000000 0.9779429987608427 0.00024783147459727387 0.0218091697645601 0.0 4035
010000000000010001100010 0.9972997299729973 0.000225022502250225 0.0006750675067506751 0.0018001800180018 4444
000000100000010000100000 0.9836025452765541 0.005628976994615761 0.0026921194322075378 0.008076358296622614 4086
000001000000000100000000 0.8843557381860875 0.000293513354857646 0.11505723510419724 0.000293513354857646 3407
000100000000010101000000 0.9597329888027563 0.0002153316106804479 0.03962101636520241 0.0004306632213608958 4644
000100000000000000000100 0.5578854105138806 0.002362669816893089 0.4388659184878913 0.0008860011813349084 3386
000100000000010100101000 0.9927075982121853 0.0011761938367442955 0.0018819101387908728 0.004234297812279464 4251
000000000011010000000000 0.9320645627559624 0.0002409058058299205 0.06769453143820767 0.0 4151
000000001000000100001000 0.97782874617737 0.006625891946992864 0.004332313965341488 0.011213047910295617 3924
000000000010010101101010 0.9935267321985135 0.0002397506593143131 0.0009590026372572524 0.005274514504914889 4171
000000110000010001000000 0.9823844779167731 0.0002552974214960429 0.017360224661730917 0.0 3917
000000000011000001000000 0.9381874175098988 0.0002199736031676199 0.06159260888693357 0.0 4546
000001000000000000000001 0.968947844437745 0.0006029544769369913 0.030449201085318057 0.0 3317
000000010000000000100000 0.9447004608294931 0.0467412771560237 0.005266622778143515 0.0032916392363396972 3038
000000001000000000101000 0.9385474860335196 0.058537770221034735 0.0019431624969638087 0.0009715812484819043 4117
000000001000000100000000 0.9251252306881097 0.0031637226469812814 0.07171104666490905 0.0 3793
001000000000000100000000 0.9410507025045816 0.00885766646304215 0.04948075748320098 0.0006108735491753207 3274
000001000000000000000100 0.5605292792792793 0.00028153153153153153 0.4380630630630631 0.0011261261261261261 3552
000000100000000000100010 0.9634002361275088 0.0358913813459268 0.0004722550177095632 0.0002361275088547816 4235
000000000100000101000000 0.978109708987896 0.0005150656708730364 0.021375225341231006 0.0 3883
000000000010010001100010 0.9962302085951245 0.0005026388539834129 0.0010052777079668257 0.002261874842925358 3979
000000110000010000000000 0.9749826268241835 0.001389854065323141 0.0236275191104934 0.0 4317
000000100000010100101000 0.9870227102570501 0.0012478163214374844 0.0032443224357374596 0.008485150985774894 4007
000001000000000101000000 0.958597538232003 0.0003729951510630362 0.040656471465870946 0.0003729951510630362 2681
000001000000000000001000 0.7726569749458707 0.22301268171976493 0.0024744819053510673 0.0018558614290133002 3233
000000001000010101101010 0.9959536012948476 0.0008092797410304828 0.0 0.0032371189641219314 3707
000000000010000001000000 0.9742628685657171 0.0004997501249375312 0.025237381309345327 0.0 4002
000010000000000001000000 0.9805084745762712 0.0011299435028248588 0.018361581920903956 0.0 3540
000000001000000101001010 0.9947019867549669 0.0 0.0010596026490066225 0.00423841059602649 3775
010000000000000000000100 0.5487768045907581 0.000906070673512534 0.44971307762005436 0.0006040471156750226 3311
010000000000000100000000 0.886412875270814 0.00030950170225936243 0.11327762302692665 0.0 3231
000001000000000000001010 0.9567859554355166 0.04085077650236327 0.002025658338960162 0.00033760972316002703 2962
000001000000000000100000 0.8771280532938565 0.11806069578090303 0.0022205773501110288 0.0025906735751295338 2702
010000000000000000010000 0.5520543713314797 0.001235712079085573 0.44640098856966326 0.00030892801977139327 3237
100000000000010000000000 0.9572798605056669 0.006393490264458007 0.03400174367916303 0.0023249055507120024 3441
010000000000000000001000 0.7302904564315352 0.26683689754229173 0.001915097350781998 0.000957548675390999 3133
000000001100000101000000 0.978695765133801 0.0002598077422707197 0.021044427123928292 0.0 3849
000100000000000000010000 0.5568363752801793 0.002561639449247518 0.43964137047710533 0.0009606147934678194 3123
100000000000010001000000 0.9767047861075815 0.00042354934349851756 0.021177467174925878 0.0016941973739940702 2361
000000000010000101001010 0.9955409528279746 0.0004693733865289838 0.0014081201595869514 0.002581553625909411 4261
000000001000010100101000 0.9934479934479934 0.001365001365001365 0.001365001365001365 0.003822003822003822 3663
000000000001000100000000 0.46594594594594596 0.0 0.534054054054054 0.0 2775
000000001000000000001010 0.9613445378151261 0.03697478991596639 0.0014405762304921968 0.00024009603841536616 4165
000100000000010000000000 0.9204209141729695 0.0013153567905294311 0.07826372903650115 0.0 3041
010000000000000001000000 0.9637632978723404 0.0 0.03590425531914894 0.0003324468085106383 3008
000100000000000000100000 0.8386505317198386 0.1573157315731573 0.002566923359002567 0.0014668133480014668 2727
000001000000000000010000 0.5637823371989296 0.0008920606601248885 0.43532560214094557 0.0 3363
000000000001000000000010 0.9834063869755792 0.012210394489668128 0.0021916092673763305 0.0021916092673763305 3194
000001000000000000101010 0.9641335227272727 0.03480113636363636 0.0007102272727272727 0.0003551136363636364 2816
000000100000010001100010 0.9945539419087137 0.0005186721991701245 0.0012966804979253112 0.0036307053941908715 3856
000011000000010101100000 0.9740785743215877 0.0004050222762251924 0.024706358849736737 0.0008100445524503848 2469
010000000000000000000001 0.9641140660044858 0.0003204101249599487 0.03460429349567446 0.0009612303748798462 3121
000001000000000001000010 0.9897997733282962 0.003022289384208538 0.003022289384208538 0.00415564790328674 2647
000000000100000000001000 0.9070680628272252 0.08082460732984294 0.010143979057591623 0.001963350785340314 3056
000100000000000100001000 0.9723618090452262 0.00711892797319933 0.007956448911222781 0.01256281407035176 2388
000011000000000001000000 0.9750641730839751 0.0022002200220022 0.022002200220022004 0.0007334066740007334 2727
000100000000000001000000 0.9597837107130788 0.0003379520108144643 0.03987833727610679 0.0 2959
001100000000010100001000 0.9711367673179396 0.003108348134991119 0.023090586145648313 0.0026642984014209592 2252
000001000000000101001010 0.996113486202876 0.0 0.000388651379712398 0.003497862417411582 2573
001100000000000100000000 0.9598583234946871 0.003935458480913027 0.033844942935852024 0.0023612750885478157 2541
000011000000010001000010 0.9794354838709678 0.0008064516129032258 0.018548387096774192 0.0012096774193548388 2480
000001000000000000100010 0.9672727272727273 0.03127272727272727 0.001090909090909091 0.0003636363636363636 2750
100000000000010100100000 0.9728665207877462 0.00262582056892779 0.02188183807439825 0.00262582056892779 2285
000010000000010001000010 0.97165991902834 0.0016194331983805667 0.024696356275303644 0.0020242914979757085 2470
000000100000010101000000 0.9602587800369686 0.0013863216266173752 0.03835489833641405 0.0 2164
000100000000000000001010 0.9639573372563442 0.03346818683339463 0.0018389113644722325 0.000735564545788893 2719
000000000001000101101010 0.9723374827109267 0.022130013831258646 0.004149377593360996 0.0013831258644536654 2169
000001000000010001000000 0.9540229885057471 0.0003831417624521073 0.04559386973180077 0.0 2610
000010000000000101000000 0.9746233148295004 0.0 0.02458366375892149 0.0007930214115781126 2522
100000000000010100001000 0.9565922920892495 0.002028397565922921 0.039350912778904665 0.002028397565922921 2465
110000000000010000100000 0.9773755656108597 0.004524886877828055 0.017688194158782394 0.00041135335252982314 2431
000011000000010101001010 0.9769975786924939 0.0 0.022195318805488296 0.0008071025020177562 2478
001100000000000100001000 0.9631852741096438 0.005202080832332933 0.03081232492997199 0.0008003201280512205 2499
000000000011000001000010 0.9804096170970614 0.015138023152270703 0.003116651825467498 0.0013357079252003562 2246
000010000000000101001010 0.9759036144578314 0.00040160642570281126 0.02289156626506024 0.0008032128514056225 2490
000000001100000101001010 0.9761775852734164 0.021115322144017325 0.0010828370330265296 0.0016242555495397943 1847
010000000000000000101000 0.9021003915984336 0.09540761836952652 0.001423994304022784 0.001067995728017088 2809
110000000000010100001000 0.9714041826717883 0.0034144259496372174 0.02390098164746052 0.0012804097311139564 2343
000010000000000001000010 0.9703046664095643 0.005784805244890089 0.021982259930582337 0.0019282684149633628 2593
000000110000000100101000 0.9687795648060549 0.024124881740775782 0.003784295175023652 0.0033112582781456954 2114
100000000000010000100000 0.9662529092319627 0.0027152831652443757 0.028704422032583398 0.0023273855702094647 2578
100000000000010001100010 0.9808111644134322 0.0008722197993894462 0.016572176188399478 0.0017444395987788923 2293
000100000000000000101010 0.9552967693463561 0.0405709992486852 0.0033809166040570998 0.0007513148009015778 2662
000000001000010101000000 0.9561752988047809 0.00149402390438247 0.04233067729083665 0.0 2008
010000000000000000000010 0.9539714867617108 0.043991853360488796 0.0012219959266802445 0.000814663951120163 2455
110000000000010101100010 0.9729265148259562 0.0004297378599054577 0.023635582294800173 0.0030081650193382035 2327
000001000000010101000000 0.9571023876972885 0.0008093889113719142 0.04168352893565358 0.0004046944556859571 2471
110000000000010001000000 0.9737065309584394 0.0008481764206955047 0.022476675148430873 0.0029686174724342664 2358
000000010000000100101000 0.9317596566523605 0.05021459227467811 0.014592274678111588 0.0034334763948497852 2330
100000000000010101100010 0.9769565217391304 0.0 0.021304347826086957 0.0017391304347826088 2300
010000000000000000100010 0.9611929572403881 0.037010420409629895 0.001437297879985627 0.00035932446999640676 2783
001100000000010101001010 0.9718979680069174 0.00043233895373973193 0.02637267617812365 0.0012970168612191958 2313
001000000000010101001010 0.9783310281235592 0.0004610419548178884 0.018902720147533424 0.002305209774089442 2169
000000000001000000001010 0.9780833691448216 0.018908465835840136 0.001289213579716373 0.0017189514396218307 2327
001000000000000101001010 0.971027216856892 0.000877963125548727 0.02633889376646181 0.001755926251097454 2278
000000000010010101000000 0.9547715965626413 0.0 0.045228403437358664 0.0 2211
000011000000000101001010 0.973397823458283 0.0012091898428053204 0.024989923417976623 0.00040306328093510683 2481
000000000010000000001000 0.7391959798994975 0.25326633165829143 0.005025125628140704 0.002512562814070352 1990
000011000000000001000010 0.9756736526946108 0.002619760479041916 0.01908682634730539 0.002619760479041916 2672
000000000010000101000000 0.9629480467176802 0.0008054772452678212 0.03624647603705195 0.0 2483
010000000000000000101010 0.9665399239543726 0.03269961977186312 0.0007604562737642585 0.0 2630
000000000001000101001010 0.9759358288770054 0.0213903743315508 0.001336898395721925 0.001336898395721925 2244
000000010000010001100010 0.9752024291497976 0.018724696356275303 0.0015182186234817814 0.004554655870445344 1976
000100000000000000000001 0.966554054054054 0.00033783783783783786 0.03209459459459459 0.0010135135135135136 2960
000000000011000001100010 0.9809523809523809 0.016541353383458645 0.0015037593984962407 0.0010025062656641604 1995
000000000011000000000010 0.976693051890941 0.01802990325417766 0.0030782761653474055 0.0021987686895338612 2274
000010000000010101100000 0.9731958762886598 0.0004123711340206186 0.02597938144329897 0.0004123711340206186 2425
001100000000000101000000 0.9803832116788321 0.0004562043795620438 0.017791970802919707 0.0013686131386861315 2192
000000100000000100000000 0.7786738351254481 0.00044802867383512545 0.22043010752688172 0.00044802867383512545 2232
000000000001010000100010 0.9695571955719557 0.017527675276752766 0.01014760147601476 0.0027675276752767526 2168
001100000000010100100000 0.9684584629053754 0.001776988005330964 0.02798756108396268 0.001776988005330964 2251
000000110000010001100010 0.981064483111566 0.016376663254861822 0.0 0.00255885363357216 1954
100000000000010101001000 0.9803250641573995 0.0 0.018819503849443968 0.000855431993156544 2338
001000000000010100001000 0.9735159817351599 0.0036529680365296802 0.02009132420091324 0.0027397260273972603 2190
000000000010000000000001 0.9595800524934384 0.0010498687664041995 0.03937007874015748 0.0 1905
000001000000010001100010 0.9975010412328197 0.00041649312786339027 0.0012494793835901709 0.0008329862557267805 2401
110000000000010000000000 0.9696415508412582 0.0021945866861741038 0.025603511338697878 0.002560351133869788 2734
000010000000010101001010 0.9780701754385965 0.0007974481658692185 0.019936204146730464 0.0011961722488038277 2508
000011000000010001100000 0.9745865268253328 0.0004033884630899556 0.024203307785397338 0.0008067769261799112 2479
001000000000000100001000 0.9521276595744681 0.006955810147299509 0.03723404255319149 0.0036824877250409165 2444
010000000000010100000000 0.8974358974358975 0.002296211251435132 0.10026789131266743 0.0 2613
000000110000010000100000 0.9813258636788048 0.012605042016806723 0.002334267040149393 0.003734827264239029 2142
000000000011000101101010 0.9746660525103639 0.020727775218793182 0.0018424689083371719 0.0027637033625057578 2171
000001000000010101101010 0.9949409780775716 0.00042158516020236085 0.0008431703204047217 0.0037942664418212477 2372
000000000011000000001010 0.9784172661870504 0.01843525179856115 0.0008992805755395684 0.0022482014388489208 2224
000001000000010000000000 0.9329573934837093 0.0003132832080200501 0.06641604010025062 0.0003132832080200501 3192
000000001000000101000000 0.9540396710208031 0.0009675858732462506 0.04450895016932753 0.0004837929366231253 2067
001000000000000101000000 0.974370709382151 0.0004576659038901602 0.02334096109839817 0.0018306636155606408 2185
000000000010000000000100 0.560377358490566 0.0004716981132075472 0.4386792452830189 0.0004716981132075472 2120
000000000010000100000000 0.8391742678828612 0.0 0.1598655784925588 0.0009601536245799327 2083
000000110000010001101010 0.9819277108433735 0.015060240963855422 0.002008032128514056 0.001004016064257028 1992
000000000100010000101000 0.9342610364683301 0.052783109404990404 0.009117082533589251 0.003838771593090211 2084
000000010000000100101010 0.9601298099211868 0.02410755679184052 0.013444598980064905 0.0023180343069077423 2157
010000000000010100101000 0.9876700680272109 0.003401360544217687 0.0012755102040816326 0.007653061224489796 2352
000011000000000101000000 0.97514033680834 0.00040096230954290296 0.023656776263031275 0.0008019246190858059 2494
000000000001000001000010 0.9710017574692443 0.015377855887521968 0.013620386643233744 0.0 2276
000000110000000000100000 0.9659803043867502 0.02954341987466428 0.0026857654431512983 0.0017905102954341987 2234
000000100000010100000000 0.9313084112149532 0.0051401869158878505 0.06355140186915888 0.0 2140
110000000000010101001000 0.9788336933045356 0.00043196544276457883 0.020302375809935207 0.00043196544276457883 2315
000000000001000001100010 0.9797830374753451 0.015285996055226824 0.0019723865877712033 0.0029585798816568047 2028
000010000000010001100000 0.9762861736334405 0.0008038585209003215 0.022106109324758844 0.0008038585209003215 2488
000000000010010000000000 0.9012036108324974 0.0 0.09879638916750251 0.0 1994
000000001000000000000001 0.9588336192109777 0.002287021154945683 0.037164093767867355 0.0017152658662092624 1749
000000001100000000001010 0.9817105970952125 0.01613770844540075 0.0016137708445400753 0.0005379236148466917 1859
001000000000010101100000 0.9760722347629797 0.0013544018058690745 0.02167042889390519 0.0009029345372460496 2215
000100000000000000101000 0.8980564723138981 0.09827649431609828 0.0018335166850018336 0.0018335166850018336 2727
000010000000000000001000 0.448744769874477 0.547071129707113 0.0005230125523012552 0.0036610878661087866 1912
010000000000010000100000 0.9840573933838183 0.0023913909924272616 0.005579912315663611 0.007971303308090873 2509
000000010000010000101000 0.9697406340057637 0.024975984630163303 0.002881844380403458 0.0024015369836695487 2082
000000000010010001000000 0.9507819687212512 0.0009199632014719411 0.04829806807727691 0.0 2174
000000110000010000101000 0.9755600814663951 0.020875763747454174 0.0025458248472505093 0.0010183299389002036 1964
000000000100000101101010 0.9806347498655191 0.01613770844540075 0.0016137708445400753 0.0016137708445400753 1859
100000000000000000000100 0.45436638214051217 0.12606697307944845 0.3552199606040709 0.06434668417596848 1523
000000001100000000001000 0.9548049476688868 0.038058991436726926 0.005233111322549952 0.0019029495718363464 2102
001100000000000101001010 0.9779151943462897 0.0008833922261484099 0.018109540636042403 0.0030918727915194345 2264
000000000011000101001010 0.978440366972477 0.01834862385321101 0.0009174311926605505 0.0022935779816513763 2180
000100000000000000000010 0.9630130807397383 0.03112313937753721 0.0031574199368516014 0.0027063599458728013 2217
000000010000000000100010 0.9679767103347889 0.027656477438136828 0.0019408054342552159 0.0024260067928190197 2061
000000001000010100000000 0.9239489844119037 0.001889466225791214 0.07368918280585735 0.0004723665564478035 2117
000000110000000000100010 0.9780109945027486 0.015992003998001 0.004497751124437781 0.0014992503748125937 2001
000000000011010000100010 0.9783783783783784 0.01769041769041769 0.002457002457002457 0.0014742014742014742 2035
000000000100010000101010 0.9637462235649547 0.022658610271903322 0.011077542799597181 0.0025176233635448137 1986
110000000000010100100000 0.9739761092150171 0.001279863481228669 0.02303754266211604 0.0017064846416382253 2344
000000100000000001000000 0.957375210319686 0.0011217049915872126 0.04150308468872686 0.0 1783
000000100000000000000001 0.9563492063492064 0.0022675736961451248 0.040249433106575964 0.0011337868480725624 1764
000000010000010000100000 0.9737569060773481 0.017955801104972375 0.0055248618784530384 0.0027624309392265192 2172
000000000100000101001010 0.9801047120418848 0.014659685863874346 0.0015706806282722514 0.0036649214659685864 1910
000000000100000100101000 0.9609207708779444 0.017130620985010708 0.01873661670235546 0.0032119914346895075 1868
000000001100000100101000 0.9745982374287195 0.01607050285121825 0.007257646448937273 0.002073613271124935 1929
000000000100000100001000 0.9632936507936508 0.025297619047619048 0.005952380952380952 0.005456349206349206 2016
001100000000010101100000 0.9774297558728696 0.0009212344541685859 0.021188392445877474 0.00046061722708429296 2171
000000010000000000010000 0.5734664764621968 0.0007132667617689016 0.4243937232524964 0.0014265335235378032 1402
000000100000010001000000 0.9595348837209302 0.00046511627906976747 0.04 0.0 2150
000000001000000000000100 0.5361353152229625 0.0046130189646335215 0.45720143516145567 0.0020502306509482316 1951
000000000011010000101010 0.9764816556914393 0.017403574788334902 0.0037629350893697085 0.0023518344308560675 2126
000000001100000101101010 0.983493077742279 0.013844515441959531 0.0005324813631522897 0.002129925452609159 1878
000000100000000000010000 0.5580795043882292 0.003097573567372225 0.43830665978316985 0.0005162622612287042 1937
000000000001000101001000 0.7498281786941581 0.23573883161512027 0.010996563573883162 0.003436426116838488 1455
110000000000010001100010 0.9770603228547153 0.0016992353440951572 0.01954120645709431 0.0016992353440951572 2354
000000001000000000100000 0.8758043758043758 0.11647361647361647 0.003861003861003861 0.003861003861003861 1554
000000110000000100101010 0.9769303201506592 0.0160075329566855 0.003766478342749529 0.003295668549905838 2124
000000001100010000101000 0.9731578947368421 0.021052631578947368 0.0036842105263157894 0.002105263157894737 1900
000000000010000000010000 0.5493101686254471 0.000510986203372509 0.44915687276443533 0.001021972406745018 1957
000000001000000000000010 0.9278420694349898 0.06398910823689585 0.0020422055820285907 0.006126616746085773 1469
100000000000000000001100 0.44318895166352795 0.1293157564344005 0.3578154425612053 0.0696798493408663 1593
000000001000010000000000 0.829 0.0005 0.1695 0.001 2000
001000000000010100100000 0.9522569444444444 0.0013020833333333333 0.04470486111111111 0.001736111111111111 2304
000000010000000100001000 0.7208966015907448 0.20751988430947216 0.06579898770788142 0.005784526391901663 1383
000010000000010000000000 0.9263862332695985 0.010516252390057362 0.05927342256214149 0.0038240917782026767 1046
000000010000000000001000 0.7238525206922498 0.1963882618510158 0.07373965387509406 0.006019563581640331 1329
000000001100000100001000 0.9612676056338029 0.029678068410462777 0.004024144869215292 0.005030181086519115 1988
000000010000000000000001 0.9530658591975776 0.0 0.045420136260408785 0.001514004542013626 1321
000000000100000000001010 0.9751367478866235 0.020387866732968673 0.002486325211337643 0.001989060169070114 2011
000000000010000000100000 0.8356164383561644 0.15961882072662298 0.0029779630732578916 0.001786777843954735 1679
000000000001000101000100 0.5468451242829828 0.0012746972594008922 0.4518801784576163 0.0 1569
000010000000000000001110 0.5433070866141733 0.01889763779527559 0.42913385826771655 0.008661417322834646 1270
000010000000000000011010 0.5426677713338857 0.0008285004142502071 0.4540182270091135 0.0024855012427506215 1207
001000000000000000000100 0.5781512605042017 0.012605042016806723 0.39747899159663863 0.011764705882352941 1190
000000010000000001000000 0.9176136363636364 0.0014204545454545455 0.08096590909090909 0.0 1408
000010000000000000001011 0.9663105998356615 0.0024650780608052587 0.02875924404272802 0.0024650780608052587 1217
001000000000000000010000 0.46364985163204747 0.13130563798219586 0.32863501483679525 0.07640949554896143 1348
000001000000000000001100 0.48338368580060426 0.17220543806646527 0.2598187311178248 0.08459214501510574 1324
000000000100010100000000 0.8231748158070998 0.0006697923643670462 0.17481580709979908 0.0013395847287340924 1493
000000000100000000000100 0.5465277777777777 0.003472222222222222 0.45 0.0 1440
010000000000100000000000 0.9822429906542056 0.014018691588785047 0.003738317757009346 0.0 1070
000000010000010001101010 0.9800874210781932 0.016027197668771247 0.0009713453132588635 0.0029140359397765905 2059
000000010000000101000000 0.9817651349380014 0.0 0.01823486506199854 0.0 1371
000000000001010000101010 0.9666666666666667 0.019444444444444445 0.012037037037037037 0.001851851851851852 2160
000010000000000100000000 0.8306188925081434 0.0 0.16775244299674266 0.0016286644951140066 1228
000000000001000000000100 0.5655307994757536 0.000655307994757536 0.4338138925294889 0.0 1526
000000000001000000010000 0.5443126308443824 0.0 0.4549895324494068 0.0006978367062107466 1433
000001000000100000000000 0.9844559585492227 0.013816925734024179 0.0017271157167530224 0.0 1158
000000010000000100010000 0.5575539568345323 0.0007194244604316547 0.439568345323741 0.002158273381294964 1390
000000000100010000001000 0.7209302325581395 0.21085271317829457 0.06201550387596899 0.006201550387596899 1290
000000000100010000000001 0.9600886917960089 0.0 0.03917220990391722 0.0007390983000739098 1353
100000000000000000001001 0.9355416293643688 0.025067144136078783 0.03491495076096687 0.004476275738585497 1117
010000000000000000001100 0.4827882960413081 0.1729776247848537 0.25559380378657487 0.08864027538726334 1162
000000000100000000010000 0.52906548933039 0.0014716703458425313 0.4672553348050037 0.002207505518763797 1359
000000100000000000001000 0.7491803278688525 0.2453551912568306 0.003278688524590164 0.002185792349726776 1830
000000000100010000010000 0.5513392857142857 0.001488095238095238 0.44717261904761907 0.0 1344
000000010000000000000100 0.5586630286493861 0.0006821282401091405 0.4406548431105048 0.0 1466
000000000001000000001000 0.765329295987888 0.22482967448902347 0.005299015897047691 0.004542013626040878 1321
010000000000001000100000 0.04076086956521739 0.957427536231884 0.0 0.0018115942028985507 1104
000000010000010100000000 0.8711819389110226 0.0 0.12881806108897742 0.0 1506
000000000100000000100000 0.8442340791738382 0.08261617900172118 0.06626506024096386 0.0068846815834767644 1162
000000000100010001000000 0.9752994011976048 0.0 0.02470059880239521 0.0 1336
100000000000000100001000 0.8269565217391305 0.029565217391304348 0.1408695652173913 0.0026086956521739132 1150
000000000001010101000000 0.10764872521246459 0.0 0.8923512747875354 0.0 1412
100000000000000000010000 0.5818639798488665 0.010075566750629723 0.40134340890008396 0.006717044500419815 1191
000000001000000000010000 0.5426008968609866 0.002802690582959641 0.4523542600896861 0.002242152466367713 1784
000000000001000101000001 0.9671193709792709 0.0 0.032165832737669764 0.0007147962830593281 1399
000000100000000000000010 0.9086057371581054 0.08338892595063375 0.0020013342228152103 0.00600400266844563 1499
000000010000000100000010 0.9572338489535942 0.022747952684258416 0.014558689717925387 0.00545950864422202 1099
000100000000000000001100 0.49401709401709404 0.1700854700854701 0.25811965811965815 0.07777777777777778 1170
000100000000001000100000 0.012207527975584944 0.9857578840284842 0.0 0.002034587995930824 983
000000010000000100100000 0.8395368072787428 0.11248966087675766 0.04466501240694789 0.0033085194375516956 1209
001000000000010000000000 0.8998109640831758 0.046313799621928164 0.0500945179584121 0.003780718336483932 1058
000000010000000100000001 0.9510173323285607 0.0007535795026375283 0.045968349660889224 0.002260738507912585 1327
000000100000000000000100 0.5644264780192016 0.0015159171298635675 0.4320363820111167 0.00202122283981809 1979
001000000000000000100100 0.5666666666666667 0.012612612612612612 0.41621621621621624 0.0045045045045045045 1110
001000000000000000000001 0.9478764478764479 0.010617760617760617 0.04054054054054054 0.0009652509652509653 1036
000000000001000101010000 0.5433287482806052 0.000687757909215956 0.45598349381017883 0.0 1454
000000001100010000101010 0.9779411764705882 0.019432773109243698 0.0021008403361344537 0.0005252100840336134 1904
001000000000000000101000 0.6941081517352704 0.29782082324455206 0.003228410008071025 0.004842615012106538 1239
000000000100000001000000 0.9215686274509803 0.0 0.07703081232492998 0.0014005602240896359 1428
001000000000000000110000 0.4512937595129376 0.1385083713850837 0.3378995433789954 0.07229832572298325 1314
000000010000000000000010 0.9218181818181819 0.04818181818181818 0.02727272727272727 0.0027272727272727275 1100
001000000000000000000010 0.9035087719298246 0.08966861598440545 0.003898635477582846 0.0029239766081871343 1026
000000000001000000000001 0.9622512010981469 0.0 0.03774879890185312 0.0 1457
000001000000000000110000 0.5923000987166831 0.11648568608094768 0.2872655478775913 0.003948667324777887 1013
000100000000100000000000 0.9671179883945842 0.030947775628626693 0.0 0.0019342359767891683 1034
000000010000000100000100 0.5477792732166891 0.0006729475100942127 0.4508748317631225 0.0006729475100942127 1486
100000000000000000101000 0.797588285960379 0.19724375538329025 0.002583979328165375 0.002583979328165375 1161
000010000000000000000001 0.9592326139088729 0.0031974420463629096 0.03677058353317346 0.0007993605115907274 1251
000010000000000001001010 0.9298701298701298 0.027705627705627706 0.04155844155844156 0.0008658008658008658 1155
010000000000000000110000 0.5949720670391061 0.1042830540037244 0.2942271880819367 0.006517690875232775 1074
010000000000000010001010 0.9938650306748467 0.005112474437627812 0.0010224948875255625 0.0 978
000010000000000000010000 0.5556499575191164 0.012744265080713678 0.42310960067969416 0.008496176720475786 1177
000000000001000101000010 0.9023972602739726 0.046232876712328765 0.0488013698630137 0.0025684931506849314 1168
000001000000001000000000 0.9753401360544217 0.022108843537414966 0.002551020408163265 0.0 1176
000000000100000000000010 0.9355149181905679 0.04234841193455245 0.019249278152069296 0.0028873917228103944 1039
000100000000100000001000 0.04083665338645418 0.9561752988047809 0.0 0.00298804780876494 1004
100000000000000000000001 0.9503849443969205 0.015397775876817793 0.029940119760479042 0.00427715996578272 1169
000000001000000001000000 0.9625073227885179 0.0005858230814294083 0.03690685413005272 0.0 1707
100000000000000000000010 0.8805815160955348 0.11318795430944964 0.003115264797507788 0.003115264797507788 963
000000000100010000000100 0.5571112748710391 0.0014738393515106854 0.44141488577745025 0.0 1357
000010000000000000000100 0.5387722132471728 0.004846526655896607 0.45395799676898224 0.0024232633279483036 1238
010000000000001000000000 0.9644484958979034 0.032816773017319965 0.0018231540565177757 0.0009115770282588879 1097
000000100000000010001010 0.996415770609319 0.0017921146953405018 0.0017921146953405018 0.0 558
010000000000000000000011 0.8624577226606539 0.007891770011273957 0.12401352874859076 0.005636978579481398 887
000000001000100000000000 0.9476047904191617 0.04341317365269461 0.0014970059880239522 0.0074850299401197605 668
000000000100110000001000 0.014198782961460446 0.7647058823529411 0.008113590263691683 0.2129817444219067 493
000100000000001000000000 0.9821782178217822 0.01287128712871287 0.0049504950495049506 0.0 1010
100000000000000001001000 0.9595660749506904 0.014792899408284023 0.023668639053254437 0.0019723865877712033 1014
000100000000000010000000 0.9938398357289527 0.002053388090349076 0.003080082135523614 0.001026694045174538 974
100000000000000100000000 0.8429824561403508 0.043859649122807015 0.10964912280701754 0.0035087719298245615 1140
010000000000100000001000 0.02054794520547945 0.9765166340508806 0.0 0.0029354207436399216 1022
010000000000000010000000 0.9957127545551983 0.004287245444801715 0.0 0.0 933
000100000000000010001010 0.9875389408099688 0.01142263759086189 0.0010384215991692627 0.0 963
001000000000000001000000 0.9083743842364532 0.015763546798029555 0.0729064039408867 0.002955665024630542 1015
100000000000000001000000 0.9119617224880383 0.0066985645933014355 0.07751196172248803 0.003827751196172249 1045
000001000000000010000000 0.9918256130790191 0.006357856494096276 0.0018165304268846503 0.0 1101
000010000000000000101010 0.20696142991533395 0.7883349012229539 0.0018814675446848542 0.0028222013170272815 1063
000001000000001000100000 0.015370705244122965 0.9810126582278481 0.0 0.003616636528028933 1106
000001000000000010001010 0.9981378026070763 0.00186219739292365 0.0 0.0 1074
000000000100010000000010 0.9605911330049262 0.0187192118226601 0.014778325123152709 0.005911330049261084 1015
100000000000010000001000 0.8689717925386715 0.051865332120109194 0.07825295723384895 0.0009099181073703367 1099
000010000000000100001010 0.8094861660079051 0.0071146245059288534 0.183399209486166 0.0 1265
000000000100010000100000 0.8031693077564637 0.1267723102585488 0.0633861551292744 0.006672226855713094 1199
001000000000000100100000 0.8289112534309241 0.043000914913083256 0.12442817932296432 0.0036596523330283625 1093
000001000000100000001000 0.02237354085603113 0.9776264591439688 0.0 0.0 1028
001000000000001000100000 0.9750733137829912 0.01906158357771261 0.005865102639296188 0.0 682
100000000000100000000000 0.9779005524861878 0.019337016574585635 0.0027624309392265192 0.0 724
100000000000000000011000 0.555367709213863 0.014370245139475908 0.42180896027049875 0.0084530853761623 1183
100000000000000000001010 0.949944382647386 0.03781979977753059 0.0055617352614015575 0.006674082313681869 899
000000100000000000110000 0.5811437403400309 0.10046367851622875 0.30602782071097373 0.012364760432766615 647
001000000000000000101010 0.7367149758454107 0.2560386473429952 0.004830917874396135 0.0024154589371980675 414
000010000000010000001010 0.945054945054945 0.0018315018315018315 0.05128205128205128 0.0018315018315018315 1092
100000000000000000000011 0.8575498575498576 0.019943019943019943 0.1111111111111111 0.011396011396011397 351
001000000000001000000000 0.9756427604871448 0.018944519621109608 0.0040595399188092015 0.0013531799729364006 739
001000000000000001100000 0.9678089304257529 0.01557632398753894 0.014537902388369679 0.0020768431983385254 963
