000000000000000000000000 0.9995835372063449 4.716767149991947e-05 0.00035070551044646004 1.858961170879179e-05 7208327
000001000000000000000000 0.9995413070631656 5.645451530270205e-05 0.0003881247927060766 1.4113628825675513e-05 141707
010000000000000000000000 0.9994026730381542 0.00013439856641529158 0.00042559546031509 3.733293511535877e-05 133930
000100000000000000000000 0.9992611248381228 0.0002701264032669405 0.00043696918175534493 3.1779576854934176e-05 125867
000000000010000000000000 0.9994241536897046 0.00015927663901787575 0.0004165696712775212 0.0 81619
000000100000000000000000 0.998972224029142 0.0004813634293891888 0.0005203928966369609 2.6019644831848046e-05 76865
000000001000000000000000 0.9986755509434992 0.0006417433572735465 0.000628089243289003 5.461645593817417e-05 73238
000000000001000101000000 0.9983466657759815 8.350172848577966e-05 0.0015197314584411898 5.0101037091467796e-05 59879
000000000001000000000000 0.9977642819006941 8.342231713828083e-05 0.0021189268553123333 3.336892685531233e-05 59936
000000010000000100000000 0.9787063776486552 5.219025086113914e-05 0.02120663859990954 3.479350057409276e-05 57482
000000010000000000000000 0.9782137325761486 0.00015487867836861126 0.021614180003441747 1.7208742040956806e-05 58110
000000000100000000000000 0.9777032323932107 0.00023700570636816102 0.022041530692238975 1.823120818216623e-05 54851
000000000100010000000000 0.9772437614289144 9.23548643307043e-05 0.022663883706754834 0.0 54139
000010000000000000000000 0.9978158807919983 0.0017962849561134926 0.00036742192284139623 2.0412329046744232e-05 48990
000010000000000000001010 0.9972424780930204 0.002267295790183222 0.00046980002859652346 2.0426088199848846e-05 48957
100000000000000000000000 0.9818703506907546 0.01749202975557917 0.00046758767268862913 0.0001700318809776833 47050
100000000000000000001000 0.9819279697438542 0.017276946879834967 0.0005801959773078907 0.00021488739900292248 46536
001000000000000000100000 0.9807223979789244 0.01864032592120536 0.000546236657031659 9.103944283860982e-05 43937
001000000000000000000000 0.980579893415229 0.018855568602655588 0.0005193749435462017 4.516303856923494e-05 44284
000011000000000000000000 0.9948802100426649 0.004857236626189695 0.0002625533311453889 0.0 15235
000011000000000000001010 0.9928925841491216 0.00683921147914711 0.0002011532787984444 6.705109293281481e-05 14914
110000000000000000001000 0.9810483302804002 0.018106242074115823 0.0006340707341130054 0.00021135691137100183 14194
110000000000000000000000 0.9807826208049019 0.018172956412755882 0.000974794596852806 6.962818548948615e-05 14362
000000110000000100000000 0.97663120864394 0.0004187955440154117 0.02294999581204456 0.0 11939
001100000000000000100000 0.9790454884414616 0.019985085756897836 0.0008948545861297539 7.457121551081282e-05 13410
000000000011000000000000 0.9923293675641829 0.0 0.007670632435817157 0.0 12776
001100000000000000000000 0.9802962854849303 0.018682040429103115 0.0007297672042618405 0.00029190688170473617 13703
000000000011000101000000 0.9917241379310345 0.00016227180527383366 0.008032454361054767 8.113590263691683e-05 12325
000000001100000000000000 0.9759786476868327 0.0007117437722419929 0.023220640569395018 8.896797153024912e-05 11240
000000001100010000000000 0.9755524621541674 0.0003480076561684357 0.024099530189664174 0.0 11494
000000000010000000101010 0.9623151821132347 0.03696357735304724 0.0006310854670032456 9.015506671474937e-05 11092
000000110000000000000000 0.9779271429756866 0.0006638453240394988 0.021077089038254088 0.0003319226620197494 12051
000000001000000000001000 0.8977809739058968 0.09893158002876515 0.0027737826176289296 0.000513663447709061 9734
000000100000000000100000 0.9200431034482759 0.07726293103448276 0.002478448275862069 0.00021551724137931034 9280
000000000010000000100010 0.9588819339520829 0.04014677314914742 0.0006475285991797971 0.00032376429958989856 9266
000000000010000000001010 0.9543039319872476 0.04473963868225292 0.0005313496280552603 0.0004250797024442083 9410
000100000000000100000000 0.919280205655527 0.0034704370179948585 0.07686375321336761 0.00038560411311053987 7780
000000100000000000101000 0.9544541900031702 0.043960688999260276 0.001162422064884286 0.00042269893268519497 9463
000000001000000000001010 0.9478681476173415 0.050161232533142246 0.0017914725904693658 0.00017914725904693657 5582
010000000000010000000000 0.9454753068798173 0.001284613188695404 0.0532400799314873 0.0 7006
000000000010000001000010 0.9907462686567164 0.0013432835820895521 0.001044776119402985 0.006865671641791045 6700
000000000010000000000010 0.9516623170316578 0.04629524565982072 0.001475093611709974 0.0005673436968115284 8813
000100000000000101000000 0.9604926423544465 0.0004798464491362764 0.03886756238003839 0.0001599488163787588 6252
000100000000000101001010 0.9919644383655326 0.0006838775859121217 0.0006838775859121217 0.006667806462643187 5849
000010000000000000000010 0.8703758073987081 0.12771579565472696 0.0011743981209630064 0.000733998825601879 6812
000000100000010000100000 0.9827858496525584 0.00505369551484523 0.002368919772583702 0.009791535060012634 6332
000000000001000001000000 0.8078583122488465 0.0004464950141390088 0.19139752939425508 0.0002976633427593392 6719
000000100000000000101010 0.9412777352716144 0.056235654169854626 0.0019127773527161439 0.0005738332058148432 5228
010000000000010101101010 0.9956600361663652 0.0003616636528028933 0.0012658227848101266 0.0027124773960217 5530
010000000000010101000000 0.9654548742991499 0.00018086453246518358 0.0341833966359197 0.00018086453246518358 5529
000000100000000000100010 0.9493078572821213 0.047377656463248194 0.0019496977968414895 0.0013647884577890426 5129
000010000000000000100000 0.8417884780739467 0.15614789337919174 0.0008598452278589854 0.0012037833190025795 5815
000100000000010101000000 0.9495560173814472 0.0001889287738522577 0.05006612507084829 0.0001889287738522577 5293
000000000010010001100010 0.992872416250891 0.0003563791874554526 0.0014255167498218105 0.005345687811831789 5612
000001000000000001000000 0.9707677481529071 0.0 0.029232251847092838 0.0 6226
010000000000010001000000 0.9593381446928357 0.0 0.04048582995951417 0.0001760253476500616 5681
000011000000000000100000 0.9440233236151604 0.05403304178814383 0.001554907677356657 0.00038872691933916425 5145
000000100000010100101000 0.9909710705730607 0.0012898470609913396 0.0018426386585590566 0.005896443707388981 5427
000100000000010100000000 0.9351152073732719 0.0012903225806451613 0.06359447004608294 0.0 5425
100000000000000000100010 0.9810574521232306 0.01706910907577019 0.0014571190674437969 0.00041631973355537054 4804
001000000000000000001000 0.9306306306306307 0.06630630630630631 0.002162162162162162 0.0009009009009009009 5550
000000001000000100001000 0.9802620666777243 0.004644219605241333 0.004975949577044286 0.010117764139990049 6029
000001000000000000000010 0.9752033326720889 0.02261456060305495 0.0017853600476096013 0.00039674667724657806 5041
000000000001010000000000 0.7623150402697134 0.0 0.23768495973028658 0.0 5339
010000000000010001100010 0.9943306510607169 0.0009144111192392099 0.0009144111192392099 0.0038405267008046816 5468
000000000011000001000000 0.9370766877867599 0.00043696744592527855 0.062267861044352196 0.00021848372296263927 4577
000100000000000100001000 0.9739728973972898 0.008819100881910088 0.005592600559260056 0.011615401161540116 4649
100000000000000000100000 0.9481874447391688 0.04862953138815208 0.0022988505747126436 0.0008841732979664014 5655
000100000000000000001000 0.8500730460189919 0.14298758217677138 0.004382761139517896 0.002556610664718773 5476
000000001000000101001010 0.9926441351888668 0.00039761431411530816 0.0007952286282306163 0.006163021868787276 5030
000000010000010000000000 0.9579507895703269 0.0011017260374586854 0.04094748439221447 0.0 5446
000100000000010100101000 0.9919052319842053 0.0017769002961500495 0.0023692003948667323 0.003948667324777887 5065
000000000100000100000000 0.9382739569441798 0.0038102495713469233 0.05791579348447323 0.0 5249
000000001000010100101000 0.9867597496389022 0.0019258545979778526 0.0036109773712084737 0.0077034183919114105 4154
001000000000000000001010 0.9794256322331761 0.019074153450492928 0.0010715816545220746 0.0004286326618088298 4666
000100000000010101101010 0.9913232104121475 0.00039439952672056796 0.0025635969236836916 0.005718793137448235 5071
010000000000010100000000 0.9156445556946182 0.0022528160200250315 0.0816020025031289 0.0005006257822277847 3995
010000000000000000100000 0.9281592039800995 0.06786069651741293 0.003383084577114428 0.0005970149253731343 5025
001100000000000000001000 0.9603671255736337 0.03671255736337088 0.0020859407592824365 0.0008343763037129745 4794
000011000000000000000010 0.9504267296168513 0.048483747957145454 0.000726348284002179 0.0003631741420010895 5507
000000000010000101001010 0.9946155502907603 0.0004307559767391773 0.00021537798836958864 0.0047383157441309495 4643
000000001000000000101000 0.9262014880353912 0.0711843957369797 0.0020108586366378444 0.0006032575909913533 4973
000000100000010001100010 0.9920617420066152 0.000661521499448732 0.0008820286659316428 0.00639470782800441 4535
110000000000000000100000 0.9719042663891779 0.026430801248699273 0.0014568158168574402 0.0002081165452653486 4805
000000100000010101101010 0.9914163090128756 0.0006437768240343348 0.0015021459227467812 0.006437768240343348 4660
000000110000010000000000 0.9706093189964158 0.0007168458781362007 0.02867383512544803 0.0 4185
000000001000000000101010 0.9522447183098591 0.0448943661971831 0.0024207746478873238 0.00044014084507042255 4544
000000001100000100000000 0.9662921348314607 0.003319713993871297 0.03038815117466803 0.0 3916
001100000000000000001010 0.9784453107085531 0.019720247649621648 0.0018344416418252694 0.0 4361
000000010000010001000000 0.9737864077669903 0.00024271844660194174 0.025970873786407767 0.0 4120
110000000000000000100010 0.9814410480349345 0.016812227074235808 0.0017467248908296944 0.0 4580
000000001000010101101010 0.9952255908331344 0.0 0.0007161613750298401 0.00405824779183576 4189
000000000010000001000000 0.9609300095877277 0.0009587727708533077 0.03787152444870566 0.00023969319271332693 4172
000000000011010000000000 0.9257089289899226 0.0007030700726505742 0.07335364424654324 0.00023435669088352472 4267
000000000010010101101010 0.9930409110080135 0.0 0.0006326444538169548 0.0063264445381695485 4742
010000000000010100101000 0.9894561598224195 0.0011098779134295228 0.001664816870144284 0.00776914539400666 3604
010000000000000000000100 0.5409090909090909 0.0009090909090909091 0.45666666666666667 0.0015151515151515152 3300
000001000000000100000000 0.8714813761728746 0.0002843332385555871 0.1282342905885698 0.0 3517
000000000100000101000000 0.9773862739942151 0.0005259006047856955 0.02208782540099921 0.0 3803
000000100000010000000000 0.9529107373868047 0.002069857697283312 0.044760672703751614 0.000258732212160414 3865
000001000000000000010000 0.5683303624480095 0.0014854426619132501 0.43018419489007725 0.0 3366
000000001100000101000000 0.9754981152396338 0.00026925148088314486 0.023963381798599893 0.00026925148088314486 3714
000001000000000000101010 0.9578622816032888 0.040082219938335044 0.0020554984583761563 0.0 2919
000001000000000000001010 0.9602969657843771 0.03873466752743705 0.0006455777921239509 0.00032278889606197545 3098
000001000000000000000100 0.5544747081712063 0.0016675931072818232 0.443023902167871 0.0008337965536409116 3598
010000000000010000100000 0.9840587044534413 0.004807692307692308 0.002783400809716599 0.008350202429149798 3952
000100000000000000101000 0.8871951219512195 0.10806233062330624 0.0033875338753387536 0.0013550135501355014 2952
000100000000000000100000 0.818397827562797 0.17549219280380177 0.0047522063815342835 0.0013577732518669382 2946
000001000000000001000010 0.9910657306955967 0.0025526483726866626 0.0035098915124441607 0.002871729419272495 3134
000100000000000000000100 0.5555555555555556 0.0028328611898017 0.4403525338369531 0.0012590494176896443 3177
000100000000000000101010 0.9527866524671637 0.042953496627618035 0.0039048633297834577 0.0003549875754348598 2817
000000110000010001000000 0.9776256909713082 0.00026322716504343247 0.022111081863648328 0.0 3799
000000000001000000000010 0.9803063457330415 0.015317286652078774 0.0025007814942169426 0.001875586120662707 3199
000010000000000001000000 0.9742562929061785 0.002002288329519451 0.022025171624713957 0.0017162471395881006 3496
100000000000010000000000 0.9610894941634242 0.0074827895839568994 0.028434600419036216 0.00299311583358276 3341
000100000000000001000000 0.9406666666666667 0.0016666666666666668 0.057666666666666665 0.0 3000
000100000000000000000001 0.9621136590229312 0.001661681621801263 0.03589232303090728 0.00033233632436025255 3009
010000000000000001000000 0.9448894585068888 0.0 0.05511054149311118 0.0 3121
000000010000000000100000 0.9358271525314414 0.0509513060303128 0.00838439213157046 0.004837149306675266 3101
000011000000000001000000 0.9781831187410587 0.000715307582260372 0.01859799713876967 0.002503576537911302 2796
000100000000010000000000 0.9073218997361477 0.00032981530343007914 0.09168865435356201 0.0006596306068601583 3032
000010000000010001100000 0.9763681592039801 0.0012437810945273632 0.02155887230514096 0.0008291873963515755 2412
000001000000000000001000 0.7456883952060801 0.24846536100555394 0.0029231218941829875 0.0029231218941829875 3421
010000000000000000101010 0.9593437945791726 0.037803138373751786 0.0021398002853067048 0.0007132667617689016 2804
000001000000000000000001 0.9603007518796992 0.0009022556390977444 0.03849624060150376 0.0003007518796992481 3325
000000001000000100000000 0.9137529137529138 0.008547008547008548 0.07666407666407667 0.001036001036001036 3861
010000000000000000101000 0.8871777703381319 0.10813525276196853 0.003013056578506863 0.0016739203213927017 2987
010000000000000000100010 0.9599170697995854 0.03800967519004837 0.0017277125086385626 0.0003455425017277125 2894
001000000000000100000000 0.9342144788224692 0.007509762691498949 0.055872634424752175 0.0024031240612796636 3329
001100000000010101100000 0.9744758432087511 0.00045578851412944393 0.02324521422060164 0.0018231540565177757 2194
001100000000010100001000 0.9724811362627608 0.0031069684864624943 0.022192632046160676 0.0022192632046160675 2253
000001000000010001100010 0.9949066213921901 0.0006791171477079797 0.0013582342954159593 0.0030560271646859084 2945
000001000000010101000000 0.954902630679877 0.00034164673727365904 0.044755722582849336 0.0 2927
000001000000010001000000 0.9599332220367279 0.000667779632721202 0.03939899833055092 0.0 2995
010000000000000000010000 0.544773790951638 0.0006240249609984399 0.45335413416536663 0.0012480499219968799 3205
000010000000010001000010 0.9673202614379085 0.0012254901960784314 0.029411764705882353 0.002042483660130719 2448
000001000000010101101010 0.9929253625751681 0.0007074637424831977 0.002476123098691192 0.0038910505836575876 2827
000000000100000000001000 0.8728760226557584 0.1117054751415985 0.008495909376966647 0.006922592825676526 3178
010000000000000000001000 0.7166912850812408 0.276218611521418 0.0029542097488921715 0.00413589364844904 3385
010000000000000000000001 0.9641241111829347 0.0009696186166774402 0.03425985778926956 0.0006464124111182935 3094
110000000000010000000000 0.9642041127189642 0.0026656511805026656 0.03198781416603199 0.0011424219345011425 2626
000010000000000101000000 0.9745627980922098 0.0 0.023052464228934817 0.0023847376788553257 2516
000010000000000000001000 0.413447782546495 0.5803528850739151 0.0009537434430138292 0.005245588936576061 2097
000001000000010000000000 0.9288332315210751 0.0 0.0708613317043372 0.00030543677458766036 3274
000000000010000101000000 0.958904109589041 0.0 0.0410958904109589 0.0 2409
000011000000010001000010 0.9717675941080196 0.0028641571194762683 0.02414075286415712 0.0012274959083469722 2444
001100000000000100001000 0.9593220338983051 0.007203389830508475 0.02923728813559322 0.00423728813559322 2360
110000000000010100100000 0.9761491760624458 0.0017346053772766695 0.021248915871639202 0.0008673026886383347 2306
001100000000000101001010 0.975860527492177 0.000894054537326777 0.022798390701832812 0.0004470272686633885 2237
001000000000010100100000 0.9478651685393259 0.0022471910112359553 0.04764044943820225 0.0022471910112359553 2225
000100000000000000010000 0.5599173553719008 0.001721763085399449 0.4366391184573003 0.001721763085399449 2904
000000000001000000001010 0.9780701754385965 0.01929824561403509 0.0013157894736842105 0.0013157894736842105 2280
000000000011000001000010 0.9726088908845981 0.019757521329142345 0.004041311180960934 0.003592276605298608 2227
001000000000010101001010 0.9717668488160291 0.0009107468123861566 0.025956284153005466 0.001366120218579235 2196
000010000000000001000010 0.971047619047619 0.008 0.017904761904761906 0.0030476190476190477 2625
010000000000000000000010 0.9602901870943108 0.03436426116838488 0.003436426116838488 0.0019091256204658267 2619
000000000001000101001010 0.9696169088507266 0.025979744605900485 0.002642007926023778 0.0017613386173491853 2271
000010000000000101001010 0.9756286266924564 0.0007736943907156673 0.022823984526112187 0.0007736943907156673 2585
000100000000000000000010 0.9469061876247505 0.043912175648702596 0.0023952095808383233 0.006786427145708583 2505
110000000000010101100010 0.9775708844688955 0.0 0.02158273381294964 0.0008463817181548879 2363
000000000001000100000000 0.47436357117246325 0.0 0.5256364288275368 0.0 2789
000000000011000101101010 0.9722607489597781 0.024503005085529356 0.002311604253351826 0.0009246417013407304 2163
000001000000000000100010 0.9553633217993079 0.04186851211072665 0.0020761245674740486 0.0006920415224913495 2890
000000000100010000101000 0.9164711403097138 0.06381980290943219 0.015954950727358048 0.003754106053496011 2131
000011000000000101001010 0.9714170692431562 0.00040257648953301127 0.026570048309178744 0.001610305958132045 2484
000000000010010000000000 0.9006054490413723 0.0010090817356205853 0.09788092835519677 0.0005045408678102926 1982
001100000000000100000000 0.9492641363284275 0.0077459333849728895 0.04066615027110767 0.0023237800154918666 2582
000011000000010001100000 0.9732597623089984 0.0025466893039049238 0.022495755517826826 0.001697792869269949 2356
100000000000010000100000 0.9692367601246106 0.004283489096573208 0.021806853582554516 0.004672897196261682 2568
000000000001000001100010 0.9756944444444444 0.017361111111111112 0.003968253968253968 0.002976190476190476 2016
100000000000010101100010 0.9729609929078015 0.0008865248226950354 0.024379432624113476 0.0017730496453900709 2256
100000000000010001100010 0.978920741989882 0.0 0.0193929173693086 0.0016863406408094434 2372
000001000000000000100000 0.868790681740322 0.12538540596094552 0.0037684138403562863 0.0020554984583761563 2919
000000000010010001000000 0.9499545040946314 0.0009099181073703367 0.04913557779799818 0.0 2198
000000100000010100000000 0.9289183222958057 0.0026490066225165563 0.0684326710816777 0.0 2265
000000000011000101001010 0.9720090293453725 0.02347629796839729 0.002708803611738149 0.0018058690744920992 2215
000010000000010101001010 0.9751527494908351 0.000814663951120163 0.02240325865580448 0.001629327902240326 2455
000000001100010000101000 0.9721627408993576 0.022483940042826552 0.003747323340471092 0.0016059957173447537 1868
000011000000010101001010 0.973609419407227 0.0 0.02395452699959399 0.00243605359317905 2463
001100000000010100100000 0.9704933148916551 0.0009220839096357768 0.02627939142461964 0.002305209774089442 2169
000000110000000000100010 0.9732099366780321 0.02143205065757428 0.004870920603994155 0.0004870920603994155 2053
000000110000010001100010 0.9685966633954858 0.026005888125613347 0.001962708537782139 0.0034347399411187437 2038
010000000000000100000000 0.8576032815704658 0.0 0.1421037210665104 0.0002929973630237328 3413
001000000000000101001010 0.9794310722100656 0.000437636761487965 0.018818380743982493 0.001312910284463895 2285
000011000000000001000010 0.9712804148384523 0.0035899481451934583 0.024331870761866773 0.0007977662544874351 2507
000000000010000000010000 0.5594622543950362 0.002068252326783868 0.43691830403309206 0.0015511892450879006 1934
000010000000010101100000 0.9737267582861763 0.0 0.02465642683912692 0.0016168148746968471 2474
000000000001010000100010 0.9705147426286856 0.01249375312343828 0.013993003498250875 0.0029985007496251873 2001
001000000000010101100000 0.977433628318584 0.0004424778761061947 0.019469026548672566 0.002654867256637168 2260
000001000000000101000000 0.9523026315789473 0.000986842105263158 0.04671052631578947 0.0 3040
000001000000000101001010 0.9948006932409013 0.0003466204506065858 0.0024263431542461003 0.0024263431542461003 2885
001000000000000101000000 0.971285323609845 0.0 0.027347310847766638 0.0013673655423883319 2194
000100000000000000001010 0.9519763575914296 0.042851865533801256 0.0029553010712966383 0.002216475803472479 2707
100000000000010100001000 0.9507640067911715 0.0038200339558573855 0.041171477079796265 0.004244482173174873 2356
110000000000010100001000 0.9669386002576214 0.0017174753112924003 0.029626449119793903 0.0017174753112924003 2329
001000000000000100001000 0.9487926727726894 0.00749375520399667 0.037052456286427976 0.006661115736885929 2402
000011000000000101000000 0.9763458401305057 0.0 0.02161500815660685 0.0020391517128874386 2452
000000000001000001000010 0.9674688057040999 0.017379679144385027 0.013814616755793227 0.001336898395721925 2244
000000000001000101001000 0.743142144638404 0.24688279301745636 0.008104738154613466 0.0018703241895261845 1604
000000010000000100101010 0.9589905362776026 0.02298332582244254 0.01216764308246958 0.005858494817485353 2219
000000000100000100101000 0.9425168306576903 0.02641118591403418 0.024857586742620404 0.006214396685655101 1931
000000001100010000101010 0.9687848383500557 0.0189520624303233 0.006131549609810479 0.006131549609810479 1794
000000000011000000001010 0.9739607126541799 0.02055733211512106 0.0013704888076747374 0.004111466423024212 2189
110000000000010001000000 0.9806034482758621 0.0 0.01853448275862069 0.0008620689655172414 2320
110000000000010101001000 0.9740545294635005 0.0008795074758135445 0.023746701846965697 0.0013192612137203166 2274
000000001100000000001000 0.9413092550790068 0.049209932279909704 0.004966139954853273 0.004514672686230248 2215
000000010000000100101000 0.9286347517730497 0.057180851063829786 0.010638297872340425 0.0035460992907801418 2256
000000000010000000001000 0.683976919662672 0.31025299600532624 0.0022192632046160675 0.003550821127385708 2253
000000000100010000101010 0.9665518937530743 0.019183472700442697 0.01278898180029513 0.0014756517461878996 2033
000000000011010000101010 0.9775596072931276 0.013090229079008883 0.005142589995324918 0.004207573632538569 2139
000000010000010100000000 0.8660049627791563 0.0 0.13399503722084366 0.0 1612
000000000100000000001010 0.9715852442671984 0.020438683948155532 0.004985044865403789 0.0029910269192422734 2006
100000000000010101001000 0.9788336933045356 0.0 0.019870410367170625 0.0012958963282937365 2315
000000001100000101001010 0.9794952681388013 0.017875920084121977 0.002103049421661409 0.0005257623554153522 1902
000000010000010000100000 0.9726487523992322 0.020633397312859885 0.0028790786948176585 0.003838771593090211 2084
000000000100000100001000 0.9601536245799328 0.024963994239078253 0.00816130580892943 0.00672107537205953 2083
000000000010010101000000 0.9469147005444646 0.0009074410163339383 0.052177858439201454 0.0 2204
000000001100000100101000 0.9708485163977095 0.018740239458615304 0.00676730869338886 0.003643935450286309 1921
000000010000010001101010 0.9811608961303462 0.01680244399185336 0.0010183299389002036 0.0010183299389002036 1964
000000000011000000000010 0.9779029462738301 0.01776429809358752 0.0030329289428076256 0.0012998266897746968 2308
110000000000010001100010 0.9748078565328779 0.0017079419299743809 0.02134927412467976 0.002134927412467976 2342
001000000000010100001000 0.9702970297029703 0.0027002700270027003 0.026102610261026102 0.0009000900090009 2222
000000001000000000000001 0.9625292740046838 0.00468384074941452 0.031030444964871194 0.001756440281030445 1708
000000110000010001101010 0.9726944873776404 0.020607934054611025 0.002575991756826378 0.004121586810922205 1941
000000100000000000000100 0.5659197498697238 0.0020844189682126106 0.43095362167795725 0.0010422094841063053 1919
000000000001000101101010 0.9649122807017544 0.02723915050784857 0.002770083102493075 0.0050784856879039705 2166
100000000000010100100000 0.976545842217484 0.003411513859275053 0.01833688699360341 0.0017057569296375266 2345
000000100000010101000000 0.9507575757575758 0.000946969696969697 0.048295454545454544 0.0 2112
000000000100010000001000 0.7181551976573939 0.24011713030746706 0.04026354319180088 0.0014641288433382138 1366
000000000100010001000000 0.9631944444444445 0.0 0.03680555555555556 0.0 1440
001100000000010101001010 0.9803738317757009 0.0009345794392523365 0.016355140186915886 0.002336448598130841 2140
000000000001000000000001 0.9636488340192044 0.0 0.03635116598079561 0.0 1458
000000110000010000100000 0.9698443579766537 0.023346303501945526 0.0029182879377431907 0.0038910505836575876 2056
000000100000000100000000 0.7815398886827458 0.0009276437847866419 0.2147495361781076 0.0027829313543599257 2156
000000001000000101000000 0.9570552147239264 0.0 0.042000943841434636 0.0009438414346389807 2119
000000001100000101101010 0.9767932489451476 0.019514767932489453 0.0015822784810126582 0.002109704641350211 1896
000000000100000101001010 0.9821041214750542 0.013557483731019523 0.0005422993492407809 0.003796095444685466 1844
000000110000010000101000 0.975921375921376 0.019656019656019656 0.002457002457002457 0.0019656019656019656 2035
100000000000000000001100 0.4320148331273177 0.138442521631644 0.36341161928306553 0.06613102595797281 1618
000000010000000000100010 0.9617956064947469 0.027698185291308502 0.0071633237822349575 0.0033428844317096467 2094
000000001000000001000000 0.9503585217870932 0.001654715940430226 0.04688361831218974 0.0011031439602868175 1813
000000100000000000001000 0.7042910447761194 0.28591417910447764 0.005130597014925373 0.0046641791044776115 2144
000000000001010000101010 0.9715909090909091 0.015625 0.010416666666666666 0.0023674242424242425 2112
000000110000000000100000 0.9608108108108108 0.03153153153153153 0.0045045045045045045 0.003153153153153153 2220
000000001100000100001000 0.9629080118694362 0.02967359050445104 0.002472799208704253 0.004945598417408506 2022
000000110000000100101000 0.9601895734597157 0.029383886255924172 0.0071090047393364926 0.0033175355450236967 2110
000000010000010000101000 0.967948717948718 0.02564102564102564 0.0029585798816568047 0.0034516765285996054 2028
000000110000000100101010 0.9691139240506329 0.021265822784810127 0.0060759493670886075 0.0035443037974683543 1975
000000001100000000001010 0.977914740626605 0.01694915254237288 0.002054442732408834 0.0030816640986132513 1947
000000010000010001100010 0.9780439121756487 0.014471057884231538 0.0014970059880239522 0.005988023952095809 2004
000000001000010000000000 0.8144126357354393 0.0019743336623889436 0.18311944718657452 0.0004935834155972359 2026
000000001000010101000000 0.9515640766902119 0.0 0.04843592330978809 0.0 1982
100000000000010001000000 0.9715025906735751 0.0008635578583765112 0.02547495682210708 0.002158894645941278 2316
000000000010000100000000 0.8362435110901368 0.0 0.16328456819254367 0.00047192071731949034 2119
000000000010000000000100 0.5673828125 0.001953125 0.4306640625 0.0 2048
000000000011010000100010 0.97265625 0.0185546875 0.005859375 0.0029296875 2048
110000000000010000100000 0.9644774886410574 0.0037174721189591076 0.02808756712102437 0.0037174721189591076 2421
000000000011000001100010 0.9745 0.018 0.0035 0.004 2000
000000100000010001000000 0.95 0.0018867924528301887 0.04716981132075472 0.0009433962264150943 2120
000000000010000000000001 0.9568345323741008 0.0005138746145940391 0.04265159301130524 0.0 1946
001100000000000101000000 0.9717796995903505 0.0013654984069185253 0.02321347291761493 0.0036413290851160674 2197
000000100000000000000001 0.9523281596452328 0.0022172949002217295 0.040465631929046564 0.004988913525498891 1804
000000100000000000010000 0.5528113504992118 0.005780346820809248 0.43825538623226484 0.0031529164477141357 1903
000000001000010100000000 0.915473441108545 0.006004618937644342 0.07713625866050808 0.0013856812933025404 2165
000000000010000000100000 0.7790697674418605 0.2135306553911205 0.003171247357293869 0.004228329809725159 1892
000011000000010101100000 0.9755288262131896 0.001244296972210701 0.022812111157196183 0.00041476565740356696 2411
000000000100000000000001 0.9488939740655988 0.0015255530129672007 0.04881769641495042 0.0007627765064836003 1311
000000000001000101000001 0.9681303116147308 0.00141643059490085 0.029745042492917848 0.000708215297450425 1412
000100000000000010000000 0.9908629441624366 0.006091370558375634 0.0010152284263959391 0.0020304568527918783 985
000000010000000100010000 0.5426829268292683 0.0007621951219512195 0.4557926829268293 0.0007621951219512195 1312
000000000001010101000000 0.11044973544973545 0.0 0.8888888888888888 0.0006613756613756613 1512
100000000000000000101000 0.7717968157695224 0.21910538286580744 0.00530705079605762 0.0037907505686125853 1319
000000100000000001000000 0.9523275378575434 0.0 0.04767246214245653 0.0 1783
000000010000000100100000 0.8266666666666667 0.10823529411764705 0.06196078431372549 0.003137254901960784 1275
000000000100000101101010 0.975268817204301 0.017741935483870968 0.004301075268817204 0.002688172043010753 1860
000000000001000101000010 0.9140233722871453 0.04340567612687813 0.037562604340567615 0.005008347245409015 1198
000000000001000101010000 0.5624113475177305 0.0007092198581560284 0.4347517730496454 0.002127659574468085 1410
000000000100010000100000 0.7984126984126985 0.12222222222222222 0.07539682539682539 0.003968253968253968 1260
000000000001000000100000 0.8752800597460791 0.11053024645257654 0.010455563853622106 0.0037341299477221808 1339
000000000001000101000100 0.5466756212222968 0.000671591672263264 0.4526527871054399 0.0 1489
000000000001000000000100 0.5378040762656148 0.0 0.46153846153846156 0.0006574621959237344 1521
000000000100010000000010 0.9566446748350612 0.022620169651272386 0.017907634307257305 0.002827521206409048 1061
000000010000000000000100 0.5487035739313244 0.001401541695865452 0.4498948843728101 0.0 1427
001000000000000000110000 0.48140350877192983 0.13473684210526315 0.3136842105263158 0.07017543859649122 1425
000000001000000000000100 0.5626943005181347 0.008808290155440414 0.42487046632124353 0.003626943005181347 1930
000010000000000000010000 0.5690376569037657 0.019246861924686193 0.399163179916318 0.012552301255230125 1195
100000000000000000000100 0.4696245733788396 0.1242320819112628 0.352901023890785 0.05324232081911263 1465
000000010000000001000000 0.9217948717948717 0.000641025641025641 0.07692307692307693 0.000641025641025641 1560
000000100000000000000010 0.8893011750154607 0.10142238713667286 0.0006184291898577613 0.008658008658008658 1617
100000000000000000001010 0.9397473275024295 0.052478134110787174 0.001943634596695821 0.0058309037900874635 1029
001000000000000000101000 0.7164487267721955 0.2759807295251204 0.004817618719889883 0.0027529249827942187 1453
000000010000000000010000 0.5744996293550778 0.0014825796886582653 0.4240177909562639 0.0 1349
000000001000000000100000 0.8148375229920294 0.1741263028816677 0.003678724708767627 0.007357449417535254 1631
000000010000000100000001 0.9510328997704667 0.0 0.046671767406273906 0.0022953328232593728 1307
000001000000100000000000 0.9751552795031055 0.023070097604259095 0.0008873114463176575 0.0008873114463176575 1127
001000000000010000000000 0.8556985294117647 0.07169117647058823 0.06893382352941177 0.003676470588235294 1088
000000000001000000010000 0.5503822098679638 0.0 0.4475330090340514 0.0020847810979847115 1439
000000010000000100000010 0.9480401093892434 0.02187784867821331 0.024612579762989972 0.0054694621695533276 1097
000000000100010000000100 0.5484581497797357 0.0007342143906020558 0.4500734214390602 0.0007342143906020558 1362
000000010000000100001000 0.6885542168674699 0.22951807228915663 0.07590361445783132 0.006024096385542169 1660
000000000100010100000000 0.8086600351082505 0.0 0.19133996489174956 0.0 1709
000000000100010000010000 0.5631929046563193 0.0022172949002217295 0.43458980044345896 0.0 1353
000000000001000000001000 0.7482014388489209 0.23610202746893394 0.009156311314584695 0.006540222367560497 1529
001000000000000000100001 0.9266144814090019 0.012720156555772993 0.057729941291585124 0.0029354207436399216 1022
001000000000000000010000 0.4644167278063096 0.1210564930300807 0.3374908290535583 0.07703595011005136 1363
000010000000000001001010 0.9003952569169961 0.045059288537549404 0.05138339920948617 0.0031620553359683794 1265
000000001000000000010000 0.5726544622425629 0.004576659038901602 0.41876430205949655 0.004004576659038902 1748
000000000001000101100000 0.8930769230769231 0.10384615384615385 0.003076923076923077 0.0 1300
000000000100000000010000 0.5354150799695354 0.002284843869002285 0.4607768469154608 0.0015232292460015233 1313
100000000000000100000000 0.8044515103338633 0.06359300476947535 0.13195548489666137 0.0 1258
100000000000010000001000 0.8712059064807219 0.04675963904840033 0.08039376538146022 0.0016406890894175555 1219
000000010000000100000100 0.5669804489500362 0.001448225923244026 0.43084721216509775 0.000724112961622013 1381
000010000000000000101010 0.24101307189542484 0.7516339869281046 0.004084967320261438 0.0032679738562091504 1224
100000000000000000001001 0.9307897071872228 0.022182786157941437 0.043478260869565216 0.00354924578527063 1127
000010000000000000001011 0.9541595925297114 0.004244482173174873 0.04074702886247878 0.0008488964346349745 1178
000000010000000000001000 0.6938775510204082 0.22130102040816327 0.07971938775510204 0.00510204081632653 1568
000000010000000000000001 0.9496567505720824 0.0007627765064836003 0.04805491990846682 0.0015255530129672007 1311
000010000000000000001110 0.5399385560675883 0.015360983102918587 0.434715821812596 0.009984639016897081 1302
000000010000000101000000 0.9665718349928877 0.0 0.033428165007112376 0.0 1406
000000000100000000000100 0.5593590677348871 0.0065549890750182084 0.43335761107064824 0.0007283321194464676 1373
000010000000000000000001 0.9623210248681235 0.008289374529012811 0.028636021100226075 0.0007535795026375283 1327
000000001000000000000010 0.8847957133288681 0.10381781647689216 0.0020093770931011385 0.009377093101138647 1493
000001000000100000001000 0.02071563088512241 0.9774011299435028 0.0 0.0018832391713747645 1062
001000000000000000000100 0.5640584694754944 0.018056749785038694 0.40842648323301806 0.009458297506448839 1163
010000000000001000000000 0.95483288166215 0.04336043360433604 0.0018066847335140017 0.0 1107
001000000000000000000001 0.9338014042126379 0.015045135406218655 0.04914744232698094 0.0020060180541624875 997
000000000100000000000010 0.9237832874196511 0.05417814508723599 0.017447199265381085 0.004591368227731864 1089
001000000000000100100000 0.8038079470198676 0.043874172185430466 0.1490066225165563 0.0033112582781456954 1208
010000000000000000001100 0.5043782837127846 0.1777583187390543 0.24080560420315236 0.07705779334500876 1142
000010000000000000011010 0.5476815398075241 0.0 0.44969378827646544 0.0026246719160104987 1143
100000000000000000011000 0.5434782608695652 0.010434782608695653 0.44 0.00608695652173913 1150
000001000000000000101000 0.5717916137229987 0.4104193138500635 0.010165184243964422 0.007623888182973317 787
010000000000100000000000 0.9809160305343512 0.016221374045801526 0.0019083969465648854 0.0009541984732824427 1048
100000000000000000000010 0.8947841726618705 0.09982014388489209 0.0017985611510791368 0.0035971223021582736 1112
000010000000000100000000 0.8147871545929798 0.0007468259895444362 0.18147871545929797 0.002987303958177745 1339
010000000000001000100000 0.04 0.9581818181818181 0.0018181818181818182 0.0 1100
000000100000000000110000 0.5698630136986301 0.08767123287671233 0.3273972602739726 0.015068493150684932 730
001000000000000001000000 0.906187624750499 0.017964071856287425 0.07285429141716566 0.0029940119760479044 1002
100000000000000100001000 0.7749244712990937 0.055891238670694864 0.16540785498489427 0.0037764350453172208 1324
000000000100000001000000 0.9161512027491409 0.0013745704467353953 0.08247422680412371 0.0 1455
010000000000000000110000 0.5961182994454713 0.0933456561922366 0.3077634011090573 0.0027726432532347504 1082
010000000000000000000011 0.8706800445930881 0.011148272017837236 0.11594202898550725 0.002229654403567447 897
000100000000000000001100 0.48936170212765956 0.1625531914893617 0.265531914893617 0.0825531914893617 1175
000010000000010000001010 0.932396839332748 0.0 0.06672519754170325 0.000877963125548727 1139
000000000100000000100000 0.7919463087248322 0.10906040268456375 0.08640939597315436 0.012583892617449664 1192
000010000000000010000000 0.9948186528497409 0.0025906735751295338 0.0025906735751295338 0.0 772
000000010000000000000010 0.9150779896013865 0.05979202772963605 0.018197573656845753 0.006932409012131715 1154
100000000000000000000001 0.9334500875656743 0.02276707530647986 0.040280210157618214 0.0035026269702276708 1142
001000000000000000100010 0.9394240317775571 0.05461767626613704 0.0029791459781529296 0.0029791459781529296 1007
000100000000000010001010 0.9907597535934292 0.00513347022587269 0.003080082135523614 0.001026694045174538 974
000010000000000100001010 0.7923538230884558 0.008245877061469266 0.19790104947526238 0.0014992503748125937 1334
000001000000001000100000 0.021220159151193633 0.9761273209549072 0.0008841732979664014 0.0017683465959328027 1131
000100000000001000000000 0.974088291746641 0.018234165067178502 0.0067178502879078695 0.0009596928982725527 1042
000000100000100000000000 0.9758454106280193 0.017713365539452495 0.00644122383252818 0.0 621
000000000010000001100010 0.5091575091575091 0.25824175824175827 0.2216117216117216 0.01098901098901099 546
000000010000001100000000 0.7653543307086614 0.012598425196850394 0.2173228346456693 0.004724409448818898 635
001000000000000001100000 0.9494047619047619 0.015873015873015872 0.02976190476190476 0.00496031746031746 1008
110000000000000000101000 0.7088122605363985 0.2796934865900383 0.0038314176245210726 0.007662835249042145 522
001000000000000000000010 0.8947368421052632 0.09455842997323818 0.0053523639607493305 0.0053523639607493305 1121
000010000000000000000011 0.875 0.04233870967741935 0.08064516129032258 0.0020161290322580645 496
000001000000000000000011 0.878 0.01 0.108 0.004 1000
100000000000000001001000 0.9538606403013182 0.018832391713747645 0.025423728813559324 0.0018832391713747645 1062
000000001000001000100000 0.01658374792703151 0.9767827529021559 0.003316749585406302 0.003316749585406302 603
000001000000000000001100 0.4862236628849271 0.16369529983792544 0.2585089141004862 0.09157212317666126 1234
000000000100010000000001 0.9452160493827161 0.0007716049382716049 0.05246913580246913 0.0015432098765432098 1296
000100000000001000100000 0.019011406844106463 0.9762357414448669 0.0009505703422053232 0.0038022813688212928 1052
000001000000000010000000 0.9972850678733032 0.0018099547511312218 0.0009049773755656109 0.0 1105
000000001000000100101000 0.37832699619771865 0.20912547528517111 0.3973384030418251 0.015209125475285171 526
000000100000001000100000 0.09640287769784173 0.8949640287769784 0.0014388489208633094 0.007194244604316547 695
000000010000100000000000 0.9509594882729211 0.021321961620469083 0.021321961620469083 0.006396588486140725 469
010000000000000010000000 0.9948612538540597 0.0041109969167523125 0.0010277492291880781 0.0 973
010000000000000010001010 0.9947368421052631 0.004210526315789474 0.0010526315789473684 0.0 950
